﻿game_id,round_id,turn_id,roundName,playerName,chips,reloadCount,position,pot,bet,action,amount
20180320044108,1,1,Deal,惡意送頭,130,0,,900,870,bet,870
20180320044108,1,2,Deal,ヽ(=^･ω･^=)丿,1000,0,,900,0,fold,
20180320044108,1,3,Deal,V.S.A.,130,0,SB,1760,870,call,860
20180320044108,1,4,Deal,AllinWin,130,0,BB,2610,870,call,850
20180320044108,1,5,Flop,V.S.A.,130,0,SB,2610,0,check,
20180320044108,1,6,Flop,AllinWin,130,0,BB,2610,0,fold,
20180320044108,1,7,Flop,惡意送頭,130,0,,2610,0,fold,
20180320044108,2,1,Deal,ヽ(=^･ω･^=)丿,1000,0,,30,0,fold,
20180320044108,2,2,Deal,V.S.A.,2720,0,,50,20,call,20
20180320044108,2,3,Deal,AllinWin,110,0,SB,60,20,call,10
20180320044108,2,4,Deal,惡意送頭,1240,2,BB,930,890,bet,870
20180320044108,2,5,Deal,V.S.A.,1850,0,,1800,890,call,870
20180320044108,2,6,Deal,AllinWin,110,0,SB,1800,20,fold,
20180320044108,2,7,Flop,惡意送頭,1240,2,BB,1800,0,fold,
20180320044108,2,8,Flop,V.S.A.,1850,0,,1800,0,call,0
20180320044108,3,1,Deal,V.S.A.,3630,0,,50,20,call,20
20180320044108,3,2,Deal,AllinWin,90,0,,70,20,call,20
20180320044108,3,3,Deal,惡意送頭,360,2,SB,940,880,bet,870
20180320044108,3,4,Deal,ヽ(=^･ω･^=)丿,120,0,BB,1800,880,call,860
20180320044108,3,5,Deal,V.S.A.,2770,0,,2660,880,call,860
20180320044108,3,6,Deal,AllinWin,0,0,,2750,110,allin,90
20180320044108,3,7,Flop,惡意送頭,360,2,SB,2750,0,fold,
20180320044108,3,8,Flop,ヽ(=^･ω･^=)丿,120,0,BB,2750,0,fold,
20180320044108,3,9,Flop,V.S.A.,2770,0,,2750,0,call,0
20180320044108,4,1,Deal,AllinWin,420,0,,50,20,call,20
20180320044108,4,2,Deal,惡意送頭,1,2,,409,359,bet,359
20180320044108,4,3,Deal,ヽ(=^･ω･^=)丿,0,0,SB,519,120,allin,110
20180320044108,4,4,Deal,V.S.A.,5060,0,BB,519,20,fold,
20180320044108,4,5,Deal,AllinWin,81,0,,858,359,call,339
20180320044108,4,6,Flop,AllinWin,81,0,,858,0,check,
20180320044108,4,7,Flop,惡意送頭,1,2,,858,0,fold,
20180320044108,5,1,Deal,惡意送頭,0,2,,61,1,allin,1
20180320044108,5,2,Deal,ヽ(=^･ω･^=)丿,1000,1,,61,0,fold,
20180320044108,5,3,Deal,V.S.A.,5020,0,SB,81,40,call,20
20180320044108,5,4,Deal,AllinWin,899,0,BB,81,40,call,0
20180320044108,5,5,Flop,V.S.A.,4508,0,SB,593,512,bet,512
20180320044108,5,6,Flop,AllinWin,899,0,BB,593,0,fold,
20180320044108,6,1,Deal,V.S.A.,5061,0,,100,40,call,40
20180320044108,6,2,Deal,AllinWin,859,0,SB,120,40,call,20
20180320044108,6,3,Deal,ヽ(=^･ω･^=)丿,960,1,BB,120,40,call,0
20180320044108,6,4,Flop,AllinWin,859,0,SB,120,0,fold,
20180320044108,6,5,Flop,ヽ(=^･ω･^=)丿,960,1,BB,120,0,fold,
20180320044108,6,6,Flop,V.S.A.,5061,0,,120,0,call,0
20180320044108,7,1,Deal,AllinWin,859,0,,60,0,fold,
20180320044108,7,2,Deal,ヽ(=^･ω･^=)丿,920,1,SB,80,40,call,20
20180320044108,7,3,Deal,V.S.A.,5141,0,BB,80,40,call,0
20180320044108,7,4,Flop,ヽ(=^･ω･^=)丿,920,1,SB,80,0,fold,
20180320044108,7,5,Flop,V.S.A.,5141,0,BB,80,0,call,0
20180320044108,8,1,Deal,ヽ(=^･ω･^=)丿,920,1,,120,0,fold,
20180320044108,8,2,Deal,V.S.A.,5141,0,SB,160,80,call,40
20180320044108,8,3,Deal,AllinWin,699,0,BB,240,160,bet,80
20180320044108,8,4,Deal,V.S.A.,5061,0,SB,320,160,call,80
20180320044108,8,5,Flop,V.S.A.,5061,0,SB,320,0,check,
20180320044108,8,6,Flop,AllinWin,619,0,BB,400,80,bet,80
20180320044108,8,7,Flop,V.S.A.,5061,0,SB,400,0,fold,
20180320044108,9,1,Deal,V.S.A.,4981,0,,200,80,call,80
20180320044108,9,2,Deal,AllinWin,939,0,SB,240,80,call,40
20180320044108,9,3,Deal,ヽ(=^･ω･^=)丿,840,1,BB,240,80,call,0
20180320044108,9,4,Flop,AllinWin,859,0,SB,320,80,bet,80
20180320044108,9,5,Flop,ヽ(=^･ω･^=)丿,840,1,BB,320,0,fold,
20180320044108,9,6,Flop,V.S.A.,3321,0,,1980,1660,bet,1660
20180320044108,9,7,Flop,AllinWin,0,0,SB,2839,939,allin,859
20180320044108,10,1,Deal,AllinWin,2038,0,,200,80,call,80
20180320044108,10,2,Deal,ヽ(=^･ω･^=)丿,760,1,SB,240,80,call,40
20180320044108,10,3,Deal,V.S.A.,3962,0,BB,240,80,call,0
20180320044108,10,4,Flop,ヽ(=^･ω･^=)丿,760,1,SB,240,0,fold,
20180320044108,10,5,Flop,V.S.A.,3962,0,BB,240,0,check,
20180320044108,10,6,Flop,AllinWin,2038,0,,240,0,fold,
20180320044108,11,1,Deal,ヽ(=^･ω･^=)丿,760,1,,240,0,fold,
20180320044108,11,2,Deal,V.S.A.,4042,0,SB,320,160,call,80
20180320044108,11,3,Deal,AllinWin,1878,0,BB,320,160,call,0
20180320044108,11,4,Flop,V.S.A.,4042,0,SB,320,0,check,
20180320044108,11,5,Flop,AllinWin,1878,0,BB,320,0,fold,
20180320044108,12,1,Deal,V.S.A.,4202,0,,400,160,call,160
20180320044108,12,2,Deal,AllinWin,1718,0,SB,480,160,call,80
20180320044108,12,3,Deal,ヽ(=^･ω･^=)丿,440,1,BB,640,320,raise,160
20180320044108,12,4,Deal,V.S.A.,4202,0,,640,160,fold,
20180320044108,12,5,Deal,AllinWin,1558,0,SB,800,320,call,160
20180320044108,12,6,Flop,AllinWin,1558,0,SB,800,0,fold,
20180320044108,12,7,Flop,ヽ(=^･ω･^=)丿,440,1,BB,800,0,call,0
20180320044108,13,1,Deal,AllinWin,1398,0,,400,160,call,160
20180320044108,13,2,Deal,ヽ(=^･ω･^=)丿,1080,1,SB,480,160,call,80
20180320044108,13,3,Deal,V.S.A.,4042,0,BB,480,160,call,0
20180320044108,13,4,Flop,ヽ(=^･ω･^=)丿,1080,1,SB,480,0,fold,
20180320044108,13,5,Flop,V.S.A.,2830,0,BB,1692,1212,bet,1212
20180320044108,13,6,Flop,AllinWin,1398,0,,1692,0,fold,
20180320044108,14,1,Deal,ヽ(=^･ω･^=)丿,760,1,,800,320,call,320
20180320044108,14,2,Deal,V.S.A.,4202,0,SB,960,320,call,160
20180320044108,14,3,Deal,AllinWin,758,0,BB,1280,640,bet,320
20180320044108,14,4,Deal,ヽ(=^･ω･^=)丿,440,1,,1600,640,call,320
20180320044108,14,5,Deal,V.S.A.,3882,0,SB,1920,640,call,320
20180320044108,14,6,Flop,V.S.A.,2212,0,SB,3590,1670,bet,1670
20180320044108,14,7,Flop,AllinWin,0,0,BB,4348,758,allin,758
20180320044108,14,8,Flop,ヽ(=^･ω･^=)丿,440,1,,4348,0,fold,
20180320044108,15,1,Deal,V.S.A.,6240,0,,800,320,call,320
20180320044108,15,2,Deal,AllinWin,680,1,SB,960,320,call,160
20180320044108,15,3,Deal,ヽ(=^･ω･^=)丿,120,1,BB,960,320,call,0
20180320044108,15,4,Flop,AllinWin,680,1,SB,960,0,check,
20180320044108,15,5,Flop,ヽ(=^･ω･^=)丿,120,1,BB,960,0,fold,
20180320044108,15,6,Flop,V.S.A.,6240,0,,960,0,check,
20180320044108,15,7,Turn,AllinWin,360,1,SB,1280,320,bet,320
20180320044108,15,8,Turn,V.S.A.,6240,0,,1280,0,fold,
20180320044108,16,1,Deal,AllinWin,1320,1,,760,320,call,320
20180320044108,16,2,Deal,V.S.A.,5920,0,BB,760,320,call,0
20180320044108,16,3,Flop,V.S.A.,5920,0,BB,760,0,check,
20180320044108,16,4,Flop,AllinWin,1320,1,,760,0,check,
20180320044108,16,5,Turn,V.S.A.,5920,0,BB,760,0,check,
20180320044108,16,6,Turn,AllinWin,1320,1,,760,0,fold,
20180320044108,17,1,Deal,ヽ(=^･ω･^=)丿,0,1,,1320,360,allin,360
20180320044108,17,2,Deal,V.S.A.,5680,0,SB,1640,640,call,320
20180320044108,17,3,Deal,AllinWin,680,1,BB,1640,640,fold,
20180320044108,18,1,Deal,V.S.A.,6680,0,,1600,640,call,640
20180320044108,18,2,Deal,AllinWin,40,1,SB,1920,640,call,320
20180320044108,18,3,Deal,ヽ(=^･ω･^=)丿,360,2,BB,1920,640,call,0
20180320044108,18,4,Flop,AllinWin,40,1,SB,1920,0,check,
20180320044108,18,5,Flop,ヽ(=^･ω･^=)丿,0,2,BB,2280,360,allin,360
20180320044108,18,6,Flop,V.S.A.,6680,0,,2280,0,fold,
20180320044108,18,7,Flop,AllinWin,0,1,SB,2320,40,allin,40
20180320044108,19,1,Deal,AllinWin,1360,1,,1600,640,call,640
20180320044108,19,2,Deal,V.S.A.,6040,0,BB,1600,640,call,0
20180320044108,19,3,Flop,V.S.A.,6040,0,BB,1600,0,check,
20180320044108,19,4,Flop,AllinWin,1360,1,,1600,0,fold,
20180320044108,20,1,Deal,ヽ(=^･ω･^=)丿,0,2,,2880,960,allin,960
20180320044108,20,2,Deal,V.S.A.,5400,0,SB,3520,1280,call,640
20180320044108,20,3,Deal,AllinWin,80,1,BB,3520,1280,fold,
20180320044108,21,1,Deal,V.S.A.,4760,0,,2640,1280,call,1280
20180320044108,21,2,Deal,ヽ(=^･ω･^=)丿,1600,2,BB,2640,1280,call,0
20180320044108,21,3,Flop,ヽ(=^･ω･^=)丿,1600,2,BB,2640,0,fold,
20180320044108,21,4,Flop,V.S.A.,4760,0,,2640,0,call,0
20180320044108,22,1,Deal,AllinWin,0,2,,2920,1000,allin,1000
20180320044108,22,2,Deal,ヽ(=^･ω･^=)丿,320,2,SB,3560,1280,call,640
20180320044108,22,3,Deal,V.S.A.,6120,0,BB,3560,1280,call,0
20180320044108,22,4,Flop,ヽ(=^･ω･^=)丿,0,2,SB,3880,320,allin,320
20180320044108,22,5,Flop,V.S.A.,6120,0,BB,3880,0,fold,
