﻿round_id,turn,N,Nnf,roundName,first,hole,board,Nsim,prWin,prWinStd,prWin_adj,chips,reld,stack,pot,bet,cost_to_call,pot_sum,bet_sum,maxBet_all,N_maxBet_all,bluff_freq,thd_call,bet_limit,action,amount,cputime
1,0,4,4,deal,False,♠A ♣5,,60000,0.30117123015864883,0.3346391909628277,0.5213793692300501,1000,0,3000,0,0,20,0,50,20,2,0,0.2857142857142857,12.5,check,0,0.38104796409606934
1,1,4,3,flop,False,♠A ♣5,♠7 ♥J ♣8,459,0.12273057371096585,0.31423139549914825,0.12273057371096585,980,0,2980,20,0,40,80,60,40,1,0,0.2222222222222222,22.771896053897976,fold,0,1.2170701026916504
2,0,4,4,deal,False,♣7 ♠Q,,60000,0.2567335317459629,0.3208225692490074,0.46641246825964094,980,0,2980,0,0,20,0,30,20,1,0,0.4,60,check,0,0.402508020401001
2,1,4,3,flop,False,♣7 ♠Q,♥K ♠7 ♥A,362,0.3130755064456722,0.45556479541261896,0.3130755064456722,960,0,2960,20,0,20,80,20,20,1,0,0.16666666666666666,36.748768472906406,check,0,1.19893217086792
2,2,4,3,turn,False,♣7 ♠Q,♥K ♠7 ♥A ♥5,224,0.22991071428571427,0.41138701698321367,0.22991071428571427,940,0,2940,40,0,20,140,20,20,1,0,0.1111111111111111,28.512396694214875,check,0,1.178889274597168
2,3,4,2,river,True,♣7 ♠Q,♥K ♠7 ♥A ♥5 ♦4,736,0.19429347826086957,0.39307184977800397,0.19429347826086957,920,0,2920,60,0,20,200,0,0,4,0,0.09090909090909091,26.355555555555558,check,0,1.1850178241729736
2,4,4,2,river,False,♣7 ♠Q,♥K ♠7 ♥A ♥5 ♦4,1313,0.19992383853769993,0.3977947516248799,0.19992383853769993,920,0,2920,60,0,20,200,20,20,1,0,0.08333333333333333,26.662436548223347,check,0,1.217411994934082
3,0,4,4,deal,False,♥K ♠5,,60000,0.2635702380951608,0.32308426529549283,0.47504331665308763,1120,0,3120,0,20,0,0,80,20,4,0,-0.25,40.0,check,0,0.39487409591674805
3,1,4,4,flop,False,♥K ♠5,♣10 ♥2 ♥5,331,0.3716012084592145,0.4800964510331358,0.3716012084592145,1120,0,3120,20,0,20,80,20,20,1,0,0.16666666666666666,48.94117647058824,check,0,1.1944949626922607
3,2,4,3,turn,False,♥K ♠5,♣10 ♥2 ♥5 ♦10,231,0.4155844155844156,0.48395867638649337,0.4155844155844156,1100,0,3100,40,0,1100,140,1100,3120,1,0,0.4700854700854701,550.0,fold,0,1.1817851066589355
4,0,4,4,deal,False,♥J ♣J,,60000,0.4951726190477343,0.3133780903126257,0.7401612000142629,1090,0,3090,0,10,110,0,270,120,2,0,0.2631578947368421,270,bet,270,0.4178297519683838
4,1,4,4,deal,False,♥J ♣J,,60000,0.4951726190477343,0.3133780903126257,0.7401612000142629,820,0,2820,0,280,100,0,1320,380,2,0,0.07042253521126761,410.0,bet,410,0.484525203704834
4,2,4,4,flop,True,♥J ♣J,♣7 ♦Q ♣4,86,0.4186046511627907,0.4933303124557307,0.4186046511627907,410,0,2410,690,0,20,2760,0,0,4,0,0.007194244604316547,71.42857142857144,check,0,1.172029972076416
4,3,4,3,flop,False,♥J ♣J,♣7 ♦Q ♣4,628,0.4267515923566879,0.49460557091253954,0.4267515923566879,410,0,2410,690,0,120,2760,140,120,1,0,0.039735099337748346,307.5,check,0,1.2148258686065674
4,4,4,3,turn,True,♥J ♣J,♣7 ♦Q ♣4 ♦K,104,0.38461538461538464,0.48650425541051995,0.38461538461538464,290,0,2290,810,0,20,3120,0,0,4,0,0.006369426751592357,53.33333333333334,check,0,1.1721339225769043
4,5,4,3,turn,False,♥J ♣J,♣7 ♦Q ♣4 ♦K,476,0.3550420168067227,0.47852605269571,0.3550420168067227,290,0,2290,810,0,90,3120,110,90,1,0,0.02710843373493976,200.21739130434784,check,0,1.1982650756835938
4,6,4,3,river,True,♥J ♣J,♣7 ♦Q ♣4 ♦K ♦10,333,0.25375375375375375,0.43429487155489455,0.25375375375375375,200,0,2200,900,0,20,3390,0,0,4,0,0.005865102639296188,30.304878048780488,check,0,1.173341989517212
4,7,4,3,river,False,♥J ♣J,♣7 ♦Q ♣4 ♦K ♦10,969,0.2678018575851393,0.44252234375573807,0.2678018575851393,200,0,2200,900,0,100,3390,100,100,1,0,0.027855153203342618,150.0,check,0,1.2244069576263428
5,0,4,4,deal,False,♠9 ♥K,,60000,0.3108023809523093,0.34109645901587415,0.542213411883575,100,0,2100,0,0,40,0,100,40,2,0,0.2857142857142857,0,bet,0,0.3233609199523926
5,1,4,3,flop,False,♠9 ♥K,♣J ♣Q ♦5,533,0.2107567229518449,0.3991926794277031,0.20667826335682077,60,0,2060,40,0,40,160,80,40,2,0,0.14285714285714285,45.0,check,0,1.220534086227417
5,2,4,3,turn,False,♠9 ♥K,♣J ♣Q ♦5 ♦6,417,0.14628297362110312,0.3516891020237685,0.14610627878158478,20,0,2020,80,0,20,280,40,140,1,0,0.058823529411764705,15.0,check,0,1.2047560214996338
6,0,4,4,deal,False,♠6 ♠A,,60000,0.3336720238094497,0.35600574503742943,0.5741493296573947,1000,1,2000,0,0,40,0,60,40,1,0,0.4,15.0,bet,15,0.5871400833129883
6,1,4,3,flop,False,♠6 ♠A,♠10 ♣7 ♦A,339,0.5855457227138643,0.47198561937900596,0.5756931711798633,960,1,1960,40,0,140,160,140,140,1,0,0.3181818181818182,0,bet,0,1.204906940460205
6,2,4,3,turn,False,♠6 ♠A,♠10 ♣7 ♦A ♥5,305,0.6032786885245902,0.47734484668903165,0.6072046569131829,820,1,1820,180,0,140,580,140,140,1,0,0.16279069767441862,205.0,bet,205,1.173734188079834
6,3,4,3,turn,False,♠6 ♠A,♠10 ♣7 ♦A ♥5,550,0.6036363636363636,0.47018898960993677,0.6075617249704711,615,1,1615,180,205,100,580,715,305,1,0,0.07168458781362007,153.75,bet,153,1.1954503059387207
6,4,4,3,river,False,♠6 ♠A,♠10 ♣7 ♦A ♥5 ♦4,188,0.5079787234042553,0.4986046056133014,0.5081674493710651,462,1,1462,538,0,140,1654,140,140,1,0,0.07238883143743537,57.75,bet,57,1.1865348815917969
7,0,4,4,deal,False,♥6 ♥2,,60000,0.20238630952379033,0.32242675887709815,0.41131121247124125,282,1,1282,0,40,0,0,160,40,4,0,-0.25,70.5,check,0,0.4317781925201416
7,1,4,3,flop,True,♥6 ♥2,♥A ♠5 ♣3,498,0.21385542168674698,0.4044789339542592,0.20155464316375352,282,1,1282,40,0,40,160,0,0,4,0,0.2,53.50697127945898,check,0,1.1958239078521729
7,2,4,3,flop,False,♥6 ♥2,♥A ♠5 ♣3,1245,0.20174029451137887,0.3949244093371785,0.18970131476749455,282,1,1282,40,0,140,160,180,140,1,0,0.2916666666666667,103.9296169956694,fold,0,1.2464230060577393
8,0,4,4,deal,False,♥7 ♦7,,60000,0.3490551587300954,0.3252586553316325,0.60169101813989,262,1,1262,0,20,20,0,140,40,3,0,0.0,65.5,bet,65,0.4068868160247803
8,1,4,4,flop,True,♥7 ♦7,♠3 ♥A ♠4,117,0.20085470085470086,0.3979639906606092,0.19284190883195948,197,1,1197,85,0,40,340,0,0,4,0,0.10526315789473684,52.55652475887143,check,0,1.1794030666351318
8,2,4,3,flop,False,♥7 ♦7,♠3 ♥A ♠4,789,0.25380228136882127,0.43308747020847427,0.2450985653040406,197,1,1197,85,0,40,340,80,40,2,0,0.08695652173913043,59.23085019873573,check,0,1.1908867359161377
8,3,4,3,turn,True,♥7 ♦7,♠3 ♥A ♠4 ♥8,159,0.27044025157232704,0.44418725994992647,0.28080872044941196,157,1,1157,125,0,40,460,0,0,4,0,0.08,65.62225294958442,check,0,1.1684000492095947
8,4,4,3,turn,False,♥7 ♦7,♠3 ♥A ♠4 ♥8,556,0.23741007194244604,0.4254956282768704,0.24734223023897564,157,1,1157,125,0,40,460,80,40,2,0,0.06896551724137931,59.57923007655165,check,0,1.2065160274505615
8,5,4,3,river,True,♥7 ♦7,♠3 ♥A ♠4 ♥8 ♠5,207,0.0966183574879227,0.29543738843324946,0.10275605446075405,117,1,1117,165,0,40,580,0,0,4,0,0.06451612903225806,45.17344848749128,check,0,1.1860380172729492
8,6,4,3,river,False,♥7 ♦7,♠3 ♥A ♠4 ♥8 ♠5,982,0.12627291242362526,0.3321566859355396,0.1331734509661018,117,1,1117,165,0,117,580,157,140,1,0,0.13700234192037472,58.5,fold,0,1.2408030033111572
9,0,4,4,deal,False,♠5 ♦J,,60000,0.2282799603174131,0.3114646686849142,0.45493090993416396,117,1,1117,0,0,80,0,200,80,2,0,0.2857142857142857,87.75,check,0,0.4458591938018799
9,1,4,2,flop,False,♠5 ♦J,♦K ♠K ♣9,491,0.11863543788187372,0.30948016905358505,0.11540184745078245,37,1,1037,80,0,37,320,37,80,1,0,0.09390862944162437,27.75,check,0,1.2135100364685059
10,0,4,4,deal,False,♣10 ♦K,,60000,0.3400172619047082,0.35354954709772995,0.6005602926352169,1000,2,1000,0,0,80,0,120,80,1,0,0.4,60.0,bet,60,0.4335019588470459
10,1,4,3,flop,False,♣10 ♦K,♥A ♣9 ♥8,463,0.1511879049676026,0.35061453809640086,0.1511879049676026,920,2,920,80,0,80,320,80,80,1,0,0.16666666666666666,86.68730650154798,fold,0,1.2056918144226074
11,0,4,4,deal,False,♠3 ♠10,,60000,0.23687599206344662,0.3345669472526648,0.4749687076637062,840,2,840,0,80,0,0,320,80,4,0,-0.25,160.0,check,0,0.408458948135376
11,1,4,3,flop,True,♠3 ♠10,♦Q ♥J ♠J,255,0.15196078431372548,0.3404093245874024,0.15555061306095677,840,2,840,80,0,80,320,0,0,4,0,0.2,72.25473185167112,fold,0,1.2165710926055908
12,0,4,4,deal,False,♠8 ♥7,,60000,0.2481476190475817,0.3297608682996187,0.4943522410187654,800,2,800,0,40,40,0,280,80,3,0,0.0,560,check,0,0.38504600524902344
12,1,4,3,flop,True,♠8 ♥7,♥K ♦5 ♥5,129,0.1421188630490956,0.3275340322599433,0.14910230322753854,760,2,760,80,0,80,320,0,0,4,0,0.2,67.98667741577043,fold,0,1.18131685256958
13,0,4,4,deal,False,♠7 ♥8,,60000,0.2481476190475817,0.3297608682996187,0.49867162035159324,760,2,760,0,0,160,0,400,160,2,0,0.2857142857142857,570.0,check,0,0.34800195693969727
13,1,4,3,flop,False,♠7 ♥8,♥7 ♣2 ♣9,431,0.4037122969837587,0.4822945454759819,0.41843152965475994,600,2,600,160,0,160,640,320,160,2,0,0.14285714285714285,450.0,check,0,1.2008178234100342
13,2,4,3,turn,False,♠7 ♥8,♥7 ♣2 ♣9 ♠2,605,0.29641873278236913,0.44434621245933054,0.3254349701827035,440,2,440,320,0,260,1120,420,260,1,0,0.14444444444444443,330.0,check,0,1.199112892150879
13,3,4,3,river,False,♠7 ♥8,♥7 ♣2 ♣9 ♠2 ♦8,504,0.3253968253968254,0.4674630123618658,0.3581631126025202,180,2,180,580,0,180,1900,340,260,1,0,0.0743801652892562,135.0,check,0,1.2117900848388672
