﻿round_id,turn,N,Nnf,roundName,first,hole,board,Nsim,prWin,prWinStd,chips,reld,chips_total,pot,bet,cost_on_table,cost_to_call,cost_total,maxBet_all,N_maxBet_all,util_fold,util_call,N_canraise,util_raise_coeff,util_call2,util_raise_coeff2,limitRoundBet,limitBet,gamble,gamble_tol,action,amount,cputime
1,0,8,4,deal,False,♣5 ♥6,,20000,0.12322083333333363,0.3007659453294903,980,0,2980,0,20,20,20,40,40,3,-20,4.359500000000104,3,-0.5071166666666655,-14.12362499999994,-0.7535583333333328,170.1871387356523,150.1871387356523,False,298,call,0,0.22449421882629395
1,1,8,4,flop,True,♣5 ♥6,♦5 ♣8 ♣A,113,0.13274336283185842,0.3392971595164746,960,0,2960,40,0,40,20,60,0,8,-40,9.115044247787608,3,-0.4690265486725663,9.115044247787608,-0.7345132743362832,183.0830086611376,143.0830086611376,False,296,call,0,1.2464478015899658
1,2,8,3,turn,True,♣5 ♥6,♦5 ♣8 ♣A ♦10,114,0.05263157894736842,0.22329687826943606,940,0,2940,60,0,60,20,80,0,8,-60,-9.849624060150378,2,-0.8421052631578947,-9.849624060150378,-0.8947368421052632,69.03442179759722,9.034421797597219,False,294,fold,0,1.2345080375671387
2,0,8,5,deal,False,♦J ♣5,,20000,0.10844305555555601,0.2808241765036641,930,0,2930,0,10,10,30,40,40,3,-10,-0.9604999999998327,4,-0.4577847222222199,-16.142527777777676,-0.783113888888888,146.0631747150443,136.0631747150443,False,293,call,0,0.23480987548828125
2,1,8,5,flop,True,♦J ♣5,♠9 ♣K ♥5,124,0.07258064516129033,0.25944690229266804,900,0,2900,40,0,40,20,60,0,8,-40,-5.230414746543776,4,-0.6370967741935484,-5.230414746543776,-0.8548387096774194,94.89914994500789,54.89914994500789,True,290,call,0,1.2359628677368164
2,2,8,3,turn,True,♦J ♣5,♠9 ♣K ♥5 ♦4,92,0.06521739130434782,0.24690905851305536,880,0,2880,60,0,60,20,80,0,8,-60,-8.447204968944103,2,-0.8043478260869565,-8.447204968944103,-0.8695652173913043,84.35340317372409,24.35340317372409,True,288,call,0,1.2377138137817383
2,3,8,3,turn,False,♦J ♣5,♠9 ♣K ♥5 ♦4,674,0.09940652818991098,0.29546463587933086,860,0,2860,60,20,80,20,100,40,2,-80,-4.099194573972014,2,-0.701780415430267,-23.980500211954208,-0.8011869436201781,130.0476476157781,50.04764761577809,True,286,fold,0,1.2567238807678223
3,0,8,6,deal,False,♠7 ♠J,,20000,0.16358333333333322,0.340795869749285,860,0,2860,0,0,0,20,20,20,4,0,9.444999999999979,5,-0.018500000000000627,1.265833333333319,-0.6728333333333336,221.87114062778514,221.87114062778514,True,286,call,0,0.22646880149841309
3,1,8,3,flop,False,♠7 ♠J,♥A ♦4 ♦A,931,0.02994092373791622,0.16209646830964355,840,0,2840,20,0,20,20,40,20,2,-20,-24.87570968236919,2,-0.9101772287862513,-27.86980205616081,-0.9401181525241675,37.49315898695013,17.493158986950128,True,284,fold,0,1.3205361366271973
4,0,8,7,deal,False,♦A ♥7,,20000,0.15557083333333319,0.32438998844735095,840,0,2840,0,0,0,20,20,20,4,0,8.002749999999974,6,0.08899583333333227,0.22420833333331558,-0.6888583333333336,208.5604396683061,208.5604396683061,False,284,call,0,0.2414228916168213
4,1,8,5,flop,False,♦A ♥7,♠K ♥Q ♣4,510,0.09901960784313725,0.28895634766753703,820,0,2820,20,0,20,20,40,20,2,-20,-3.4621848739495853,4,-0.5049019607843137,-13.364145658263311,-0.8019607843137255,127.70274225977376,107.70274225977376,True,282,fold,0,1.2771730422973633
5,0,8,8,deal,False,♣Q ♦4,,20000,0.11427916666666708,0.28708784651701935,820,0,2820,0,0,0,40,40,40,1,0,1.1405000000001522,7,-0.08576666666666333,-18.286958333333253,-0.7714416666666658,148.62285484959534,148.62285484959534,False,282,call,0,0.2196049690246582
5,1,8,5,flop,False,♣Q ♦4,♥Q ♦7 ♣8,475,0.24842105263157896,0.41722470479782087,780,0,2780,40,0,40,20,60,20,1,-40,69.91578947368421,4,0.24210526315789482,40.10526315789475,-0.503157894736842,344.7905939652321,304.7905939652321,False,278,bet,274,1.2639849185943604
5,2,8,4,turn,False,♣Q ♦4,♥Q ♦7 ♣8 ♦2,234,0.2692307692307692,0.4213250442347432,506,0,2506,314,0,314,300,614,300,2,-314,688.164835164835,3,0.07692307692307687,284.3186813186813,-0.46153846153846156,341.3666860270804,27.36668602708039,False,250,fold,0,1.245077133178711
6,0,8,7,deal,False,♣3 ♣J,,20000,0.14236944444444433,0.32304440399222245,1506,1,2506,0,0,0,20,20,20,2,0,5.626499999999979,6,-0.0034138888888897156,-7.186750000000011,-0.7152611111111113,167.1495844900073,167.1495844900073,False,250,call,0,0.22427082061767578
6,1,8,6,flop,False,♣3 ♣J,♥3 ♠2 ♠8,533,0.14634146341463414,0.3534482133216936,1486,1,2486,20,0,20,20,40,20,1,-20,11.707317073170735,5,-0.12195121951219523,-5.853658536585364,-0.7073170731707317,170.82750955047726,150.82750955047726,False,248,call,0,1.2741570472717285
6,2,8,4,turn,False,♣3 ♣J,♥3 ♠2 ♠8 ♦5,361,0.08725761772853186,0.278507026033462,1466,1,2466,40,0,40,20,60,20,2,-40,-7.704788286505739,3,-0.6509695290858726,-16.430550059358925,-0.8254847645429363,97.7812968179017,57.781296817901705,False,246,fold,0,1.2617459297180176
7,0,8,8,deal,False,♥J ♥9,,20000,0.18275694444444449,0.35435611083668456,1466,1,2466,0,0,0,20,20,20,2,0,12.896250000000006,7,0.4620555555555559,-3.5518749999999972,-0.6344861111111111,216.14184489134306,216.14184489134306,True,246,bet,194,0.22629976272583008
7,1,8,5,deal,False,♥J ♥9,,20000,0.18275694444444449,0.35435611083668456,1272,1,2272,0,194,194,194,388,388,4,-194,240.41807539682554,4,-0.0862152777777776,54.737019841269955,-0.6344861111111111,199.13798523646855,5.137985236468552,True,227,call,0,0.2047419548034668
7,2,8,3,flop,False,♥J ♥9,♠10 ♦Q ♠7,435,0.182183908045977,0.372933155661472,1078,1,2078,388,0,388,532,920,532,1,-388,492.6752052545156,1,-0.635632183908046,-33.83628899835787,-0.635632183908046,181.50155555609945,-206.49844444390055,True,207,fold,0,1.2670722007751465
8,0,8,8,deal,False,♠J ♦8,,20000,0.13419583333333365,0.30772354874068397,1078,1,2078,0,0,0,20,20,20,1,0,4.155250000000056,7,0.07356666666666922,-10.606291666666646,-0.7316083333333327,130.0419225889359,130.0419225889359,False,207,call,0,0.29338812828063965
8,1,8,7,flop,False,♠J ♦8,♣10 ♥6 ♣2,373,0.05630026809651475,0.23050064622203406,1058,1,2058,20,0,20,20,40,20,2,-20,-18.161623898889314,6,-0.6058981233243967,-23.791650708540786,-0.8873994638069705,51.7919744242855,31.7919744242855,False,205,fold,0,1.2608439922332764
9,0,8,6,deal,False,♠J ♦5,,20000,0.10844305555555601,0.2808241765036641,1018,1,2018,0,40,40,0,40,40,6,-40,-0.9604999999998327,5,-0.3493416666666639,-9.635944444444316,-0.783113888888888,100.59914217575408,60.59914217575408,False,201,check,0,0.22235488891601562
9,1,8,5,flop,True,♠J ♦5,♥9 ♠7 ♥4,278,0.03776978417266187,0.18342678607442725,1018,1,2018,40,0,40,40,80,0,8,-40,-16.91675231243577,4,-0.8111510791366907,-16.91675231243577,-0.9244604316546763,33.74299729375297,-6.257002706247029,False,201,fold,0,1.2532110214233398
10,0,8,7,deal,False,♥4 ♠A,,20000,0.14724583333333285,0.31863183863899064,998,1,1998,0,20,20,60,80,80,4,-20,26.016999999999655,6,0.030720833333329978,2.457666666666398,-0.7055083333333343,138.2139474934436,118.21394749344361,False,199,call,0,0.2282710075378418
10,1,8,6,flop,True,♥4 ♠A,♥K ♦Q ♣3,112,0.06696428571428571,0.23618560832877322,938,1,1938,80,0,80,40,120,0,8,-80,-21.147959183673464,5,-0.5982142857142857,-21.147959183673464,-0.8660714285714286,58.33715704838486,-21.66284295161514,False,193,fold,0,1.2455048561096191
11,0,8,7,deal,False,♥A ♠Q,,20000,0.20707638888888738,0.36054878882247965,938,1,1938,0,0,0,40,40,40,5,0,34.54749999999946,6,0.4495347222222117,22.122916666666214,-0.5858472222222253,195.28964340193306,195.28964340193306,False,193,bet,175,0.22851896286010742
11,1,8,3,flop,False,♥A ♠Q,♠6 ♣4 ♣10,520,0.08846153846153847,0.27883952246756705,763,1,1763,175,0,175,40,215,40,1,-175,-18.771978021978015,2,-0.7346153846153847,-40.00274725274724,-0.823076923076923,70.91667845673898,-104.08332154326102,False,176,fold,0,1.270684003829956
12,0,8,8,deal,False,♥7 ♥4,,20000,0.16368749999999935,0.34274790511207326,763,1,1763,0,0,0,80,80,80,1,0,37.85499999999952,7,0.3094999999999948,-11.251250000000283,-0.6726250000000014,136.8641792776343,136.8641792776343,False,176,bet,123,0.21950292587280273
12,1,8,6,deal,False,♥7 ♥4,,20000,0.16368749999999935,0.34274790511207326,640,1,1640,0,123,123,123,246,246,4,-123,108.22448214285583,4,-0.1815625000000033,51.58860714285606,-0.6726250000000014,127.31551560710166,4.315515607101659,False,164,fold,0,0.2076559066772461
13,0,8,7,deal,False,♥2 ♣4,,20000,0.09809444444444432,0.27280130653766643,1640,2,1640,0,0,0,40,40,40,3,0,-4.686000000000046,6,-0.3133388888888897,-18.41922222222225,-0.8038111111111114,73.5358581558655,73.5358581558655,True,164,fold,0,0.2235100269317627
14,0,8,8,deal,False,♠3 ♥4,,20000,0.1097916666666665,0.28729930246562635,1640,2,1640,0,0,0,40,40,40,3,0,-0.47500000000006537,7,-0.12166666666666803,-15.84583333333337,-0.780416666666667,82.83368507576063,82.83368507576063,True,164,fold,0,0.23274683952331543
15,0,8,7,deal,False,♦7 ♦10,,20000,0.16181111111111135,0.34031887495303964,1640,2,1640,0,0,0,40,40,40,1,0,18.252000000000088,6,0.13267777777777945,-17.34644444444441,-0.6763777777777773,125.71928484083669,125.71928484083669,True,164,bet,113,0.2353510856628418
15,1,8,3,flop,False,♦7 ♦10,♣2 ♣9 ♣5,472,0.007150423728813559,0.0800257151456094,1527,2,1527,113,0,113,40,153,40,1,-113,-82.27614255447942,2,-0.9785487288135594,-83.99224424939467,-0.9856991525423728,12.0,-101.0,False,152,fold,0,1.269437313079834
16,0,8,8,deal,False,♦A ♠A,,20000,0.40638194444446607,0.42327151636209587,1527,2,1527,0,0,0,40,40,40,1,0,106.2975000000078,7,2.2510555555557286,16.89347222222525,-0.18723611111106786,345.85465521068005,345.85465521068005,True,152,bet,311,0.24170494079589844
16,1,8,5,deal,False,♦A ♠A,,20000,0.40638194444446607,0.42327151636209587,1216,2,1216,0,311,311,311,622,622,4,-311,1485.0616964286796,4,1.0319097222223306,938.8843630953171,-0.18723611111106786,275.41536393987354,-35.584636060126456,True,121,fold,0,0.21167707443237305
17,0,8,5,deal,False,♣10 ♥K,,20000,0.17673472222222175,0.34147830869338036,1136,2,1136,0,80,80,0,80,80,5,-80,47.248999999999654,4,-0.11632638888889124,11.902055555555307,-0.6465305555555565,95.9467884545299,15.946788454529894,True,160,check,0,0.2378230094909668
17,1,8,5,flop,True,♣10 ♥K,♥9 ♥7 ♦2,136,0.125,0.33071891388307384,1136,2,1136,80,0,80,80,160,0,8,-80,20.0,4,-0.375,20.0,-0.75,65.87885176665216,-14.121148233347839,True,160,call,0,1.2433578968048096
17,2,8,4,turn,True,♣10 ♥K,♥9 ♥7 ♦2 ♦3,122,0.07377049180327869,0.2613970281819996,1056,2,1056,160,0,160,80,240,0,8,-160,-17.423887587822016,3,-0.7049180327868853,-17.423887587822016,-0.8524590163934427,35.14514487404289,-124.8548551259571,False,160,fold,0,1.2406549453735352
18,0,8,5,deal,False,♠J ♦6,,20000,0.11150000000000036,0.2842314727774856,1016,2,1016,0,40,40,40,80,80,4,-40,0.28000000000025693,4,-0.44249999999999823,-26.479999999999826,-0.7769999999999992,52.16404894441874,12.164048944418738,False,160,fold,0,0.22461390495300293
19,0,8,5,deal,False,♣5 ♥J,,20000,0.10844305555555601,0.2808241765036641,1016,2,1016,0,0,0,80,80,80,3,0,-1.4668666666663484,4,-0.4577847222222199,-29.22828888888869,-0.783113888888888,50.64852747798124,50.64852747798124,True,160,fold,0,0.22238898277282715
20,0,8,8,deal,False,♠4 ♥2,,20000,0.09809444444444432,0.27280130653766643,1016,2,1016,0,0,0,80,80,80,4,0,-8.634019047619141,6,-0.3133388888888897,-20.405352380952465,-0.8038111111111114,45.55636090631668,45.55636090631668,True,160,fold,0,0.22249531745910645
21,0,8,7,deal,False,♣2 ♠2,,20000,0.13453055555555524,0.3249878041115675,1016,2,1016,0,0,0,80,80,80,3,0,16.86199999999978,6,-0.05828611111111337,-20.80655555555569,-0.7309388888888895,63.75223252911794,63.75223252911794,True,160,call,0,0.23064208030700684
21,1,8,4,flop,False,♣2 ♠2,♠7 ♣7 ♥9,805,0.08944099378881988,0.2853792256259873,936,2,936,80,0,80,80,160,80,2,-80,-21.451641526175678,3,-0.6422360248447205,-57.22803904170363,-0.8211180124223603,38.08762376022918,-41.91237623977082,False,160,fold,0,1.3021588325500488
22,0,8,8,deal,False,♥Q ♣5,,20000,0.11399305555555596,0.28499004876223444,936,2,936,0,0,0,80,80,80,3,0,2.075000000000287,7,-0.08805555555555233,-29.843055555555388,-0.7720138888888881,49.19885019287478,49.19885019287478,False,160,fold,0,0.23024415969848633
23,0,8,8,deal,False,♠7 ♣9,,20000,0.11355972222222278,0.28649879136846906,936,2,936,0,0,0,80,80,80,2,0,1.7630000000004031,7,-0.09152222222221773,-39.118499999999806,-0.7728805555555545,49.000085633726265,49.000085633726265,True,160,call,0,0.22172808647155762
23,1,8,5,flop,False,♠7 ♣9,♦J ♦10 ♥K,374,0.0892379679144385,0.26902755072746,856,2,856,80,0,80,80,160,80,1,-80,-26.59281894576013,4,-0.5538101604278075,-69.4270435446906,-0.821524064171123,34.749390688276705,-45.250609311723295,True,160,fold,0,1.3248860836029053
24,0,8,8,deal,False,♦4 ♥7,,20000,0.1186069444444445,0.2960090881713279,856,2,856,0,0,0,80,80,80,1,0,5.397000000000048,7,-0.05114444444444399,-46.79005555555554,-0.7627861111111109,46.93480150803292,46.93480150803292,False,160,fold,0,0.23978495597839355
25,0,8,6,deal,False,♠3 ♣8,,20000,0.10536250000000011,0.27793277242305736,696,2,696,0,160,160,0,160,160,6,-160,-8.277999999999821,5,-0.3678249999999994,-41.99399999999986,-0.7892749999999997,48.0,-112.0,False,320,check,0,0.22146987915039062
25,1,8,6,flop,True,♠3 ♣8,♠10 ♦8 ♦10,266,0.08458646616541353,0.2516621774247347,696,2,696,160,0,160,160,320,0,8,-160,-9.881847475832444,5,-0.49248120300751885,-9.881847475832444,-0.8308270676691729,48.0,-112.0,False,320,fold,0,1.2542431354522705
26,0,8,6,deal,False,♥7 ♣4,,20000,0.1186069444444445,0.2960090881713279,616,2,616,0,80,80,240,320,320,1,-80,21.588000000000193,5,-0.28835833333333305,-130.22888888888878,-0.7627861111111109,48.0,-32.0,False,320,fold,0,0.22778773307800293
27,0,8,6,deal,False,♥J ♥9,,20000,0.18275694444444449,0.35435611083668456,616,2,616,0,0,0,160,160,160,4,0,103.17000000000004,5,0.09654166666666697,30.067222222222256,-0.6344861111111111,53.99163684228196,53.99163684228196,True,320,call,0,0.22382426261901855
27,1,8,6,deal,False,♥J ♥9,,20000,0.18275694444444449,0.35435611083668456,456,2,456,0,160,160,160,320,320,4,-160,206.3400000000001,5,0.09654166666666697,60.13444444444451,-0.6344861111111111,48.0,-112.0,True,320,call,0,0.2047429084777832
27,2,8,4,flop,False,♥J ♥9,♣6 ♦A ♦8,839,0.06376638855780692,0.23711574283708106,296,2,296,320,0,320,160,480,160,2,-320,-159.74118848969857,3,-0.7449344457687723,-210.75429933594413,-0.8724672228843862,48.0,-272.0,True,320,fold,0,1.3082518577575684
28,0,8,6,deal,False,♠2 ♥4,,20000,0.09809444444444432,0.27280130653766643,296,2,296,0,0,0,160,160,160,3,0,-18.744000000000185,5,-0.4114333333333341,-73.676888888889,-0.8038111111111114,48.0,48.0,True,320,fold,0,0.22281289100646973
29,0,8,7,deal,False,♥K ♠8,,20000,0.14138611111111107,0.31155537218076773,296,2,296,0,0,0,160,160,160,3,0,43.59599999999995,6,-0.010297222222222513,-35.58022222222226,-0.7172277777777778,48.0,48.0,False,320,fold,0,0.2577641010284424
30,0,8,8,deal,False,♠8 ♦10,,20000,0.13482500000000056,0.31009373253925615,296,2,296,0,0,0,160,160,160,3,0,34.14800000000079,7,0.07860000000000444,-41.353999999999516,-0.7303499999999989,48.0,48.0,False,320,fold,0,0.2244420051574707
31,0,8,8,deal,False,♣Q ♣8,,20000,0.1787944444444443,0.35099941507262694,296,2,296,0,0,0,160,160,160,2,0,95.98849523809506,6,0.25156111111111024,-28.452438095238193,-0.6424111111111114,48.0,48.0,False,320,fold,0,0.23406696319580078
32,0,8,8,deal,False,♠J ♣10,,20000,0.1904652777777775,0.3526340338895025,296,2,296,0,0,0,160,160,160,1,0,114.26999999999961,7,0.52372222222222,-53.339444444444595,-0.619069444444445,48.0,48.0,True,320,call,0,0.22868132591247559
32,1,8,5,flop,False,♠J ♣10,♥9 ♣5 ♠6,402,0.08706467661691543,0.28192981165975933,136,2,136,160,0,160,136,296,160,1,-160,-52.26723525230989,4,-0.5646766169154229,-127.49111584932481,-0.8258706467661692,48.0,-112.0,False,320,fold,0,1.2605679035186768
34,0,8,7,deal,False,♥8 ♦A,,20000,0.16019027777777736,0.3275557671510623,656,2,656,0,160,160,160,320,320,6,-160,141.34799999999882,6,0.12133194444444162,90.08711111111006,-0.6796194444444452,96.0,-64.0,True,640,call,0,0.2269301414489746
34,1,8,7,flop,True,♥8 ♦A,♠5 ♦J ♦2,109,0.0,0.0,496,2,496,320,0,320,320,640,0,8,-320,-274.2857142857143,6,-1.0,-274.2857142857143,-1.0,-0.0,-320.0,True,640,call,0,1.2570092678070068
34,2,8,4,turn,True,♥8 ♦A,♠5 ♦J ♦2 ♣10,105,0.02857142857142857,0.1665986255670086,176,2,176,640,0,640,176,816,0,8,-640,-294.07346938775515,3,-0.8857142857142857,-294.07346938775515,-0.9428571428571428,96.0,-544.0,True,640,call,0,1.2424089908599854
