round_id,turn,N,Nnf,roundName,first,hole,board,Nsim,prWin,prWinStd,chips,reld,pot,bet,minBet,maxBet,sumPot_all,sumBet_all,maxBet_all,N_maxBet_all,N_canraise,sumMinBet_all,util_fold,util_call,util_raise_coeff,util_call2,util_raise_coeff2,limitRoundBet,limitBet,action,amount,cputime
1,0,4,4,deal,0,♣7 ♦9,,20000,0.23638333333334763,0.31788326357772917,1000,0,0,0,20,1000,0,30,20,1,4,50,0,-1.0893333333321884,-0.05446666666660949,-12.90849999999957,-0.5272333333333048,270.07356095873405,270.07356095873405,fold,0,0.0870511531829834
2,0,4,3,deal,0,♣A ♣8,,20000,0.3590666666667201,0.36071901834559383,980,0,0,20,0,1000,0,60,20,3,3,0,-20,1.544000000003205,0.07720000000016025,1.544000000003205,-0.2818666666665598,442.4937802223376,422.4937802223376,check,0,0.18428492546081543
2,1,4,2,flop,1,♣A ♣8,♦4 ♠J ♣10,198,0.20454545454545456,0.3890282447414475,980,0,20,0,20,980,60,0,0,4,2,0,-20,-27.727272727272727,-0.5909090909090908,-27.727272727272727,-0.5909090909090908,227.6397967395584,207.6397967395584,fold,0,1.251317024230957
3,0,4,3,deal,0,♥5 ♥9,,20000,0.24775773809525503,0.33961451601974113,970,0,0,10,10,980,0,50,20,2,3,10,-10,-5.134535714284699,-0.2567267857142349,-7.612113095237248,-0.5044845238094899,282.25140555347537,272.25140555347537,call,0,0.09129500389099121
3,1,4,3,flop,1,♥5 ♥9,♣6 ♦6 ♣10,95,0.18947368421052632,0.3918844309260269,960,0,20,0,20,960,60,0,0,4,3,0,-20,-28.63157894736842,-0.43157894736842106,-28.63157894736842,-0.6210526315789473,207.56579482752304,187.56579482752304,fold,0,1.239576816558838
4,0,4,4,deal,0,♣10 ♣4,,20000,0.24989166666668275,0.34153806910696205,960,0,0,0,20,960,0,50,20,2,4,30,0,-0.008666666665380518,-0.0004333333332690037,-7.505416666665862,-0.5002166666666346,284.10796828920274,284.10796828920274,fold,0,0.09507393836975098
5,0,4,4,deal,0,♣Q ♠5,,20000,0.2443386904762102,0.3153218356321198,960,0,0,0,40,960,0,60,40,1,4,100,0,-0.9058095238063686,-0.02264523809515917,-25.339678571427388,-0.5113226190475796,276.82031082908395,276.82031082908395,fold,0,0.09445405006408691
6,0,4,2,deal,0,♠10 ♥Q,,20000,0.32178154761908506,0.35030213787709275,920,0,0,40,0,960,0,100,40,2,2,0,-40,-7.821845238091491,-0.3564369047618299,-7.821845238091491,-0.3564369047618299,378.46995474961284,338.46995474961284,check,0,0.08911013603210449
6,1,4,2,flop,1,♠10 ♥Q,♦5 ♣J ♥7,94,0.2553191489361702,0.4360404581259402,920,0,40,0,40,920,100,0,0,4,2,0,-40,-54.46808510638298,-0.4893617021276596,-54.46808510638298,-0.4893617021276596,287.3469919336464,247.3469919336464,fold,0,1.2430939674377441
7,0,4,3,deal,0,♠J ♥Q,,20000,0.3293285714286097,0.354002832700755,900,0,0,20,20,920,0,100,40,2,3,20,-20,-0.480571428566833,-0.012014285714170847,-7.067142857139025,-0.34134285714278056,386.71019610388043,366.71019610388043,call,0,0.08990907669067383
7,1,4,3,flop,1,♠J ♥Q,♦A ♥3 ♥A,78,0.3108974358974359,0.4221167231254209,880,0,40,0,40,880,120,0,0,4,3,0,-40,-42.69230769230769,-0.06730769230769229,-42.69230769230769,-0.3782051282051282,357.9798065904546,317.9798065904546,fold,0,1.2535619735717773
8,0,4,4,deal,0,♠2 ♣Q,,20000,0.22594821428572717,0.3096230284085282,880,0,0,0,40,880,0,100,40,2,4,60,0,-3.848285714283655,-0.09620714285709131,-17.40517857142728,-0.5481035714285456,246.22211051960304,246.22211051960304,fold,0,0.09541511535644531
9,0,4,4,deal,0,♦9 ♠J,,20000,0.28366428571431296,0.3384957534567083,880,0,0,0,80,880,0,120,80,1,4,200,0,10.77257142858015,0.13465714285725183,-45.96028571428244,-0.4326714285713741,320.71833936608886,320.71833936608886,call,0,0.08921194076538086
9,1,4,3,flop,0,♦9 ♠J,♠7 ♦2 ♠6,288,0.17708333333333334,0.3817392125376811,800,0,80,0,80,800,320,80,80,1,3,160,-80,-60.83333333333333,-0.46875,-89.16666666666666,-0.6458333333333333,182.16612813496337,102.16612813496337,call,0,1.2673051357269287
9,2,4,3,turn,0,♦9 ♠J,♠7 ♦2 ♠6 ♦7,181,0.03867403314917127,0.19281688802889665,720,0,160,0,80,720,560,80,80,1,3,160,-160,-209.060773480663,-0.8839779005524862,-215.24861878453038,-0.9226519337016574,35.81144821471431,-124.18855178528568,fold,0,1.256314992904663
10,0,4,3,deal,0,♣3 ♠4,,20000,0.21291190476191613,0.31485575949446876,640,0,0,80,0,720,0,240,80,3,3,0,-80,-28.90114285714013,-0.3612642857142516,-28.90114285714013,-0.5741761904761677,210.9854296331902,130.9854296331902,check,0,0.10403895378112793
10,1,4,2,flop,1,♣3 ♠4,♠8 ♥7 ♦7,178,0.12219101123595505,0.32264571227515054,640,0,80,0,80,640,240,0,0,4,2,0,-80,-130.6741573033708,-0.7556179775280899,-130.6741573033708,-0.7556179775280899,114.85049377103992,34.85049377103992,fold,0,1.2485430240631104
11,0,4,2,deal,0,♥A ♣J,,20000,0.36882023809529596,0.35423038727302647,600,0,0,40,40,640,0,120,80,1,2,40,-40,-20.98876190475265,-0.2623595238094081,-35.741571428564484,-0.2623595238094081,399.37744102837297,359.37744102837297,call,0,0.08691191673278809
11,1,4,2,flop,1,♥A ♣J,♠8 ♥Q ♦K,81,0.18518518518518517,0.38844772154450063,560,0,80,0,80,560,160,0,0,4,2,0,-80,-130.37037037037038,-0.6296296296296297,-130.37037037037038,-0.6296296296296297,175.00685925842794,95.00685925842794,fold,0,1.2452380657196045
12,0,4,4,deal,0,♥J ♠3,,20000,0.21423333333334,0.3051808037158206,560,0,0,0,160,560,0,280,160,1,4,360,0,-22.890666666662412,-0.14306666666664003,-100.0146666666648,-0.57153333333332,206.0278249568021,206.0278249568021,fold,0,0.08951306343078613
13,0,4,4,deal,0,♦J ♣J,,20000,0.5005279761905027,0.3101229809784418,560,0,0,0,160,560,0,240,160,1,4,400,0,160.33790476192172,1.0021119047620108,-39.87328571427935,0.0010559523810054205,593.2310654955089,593.2310654955089,bet,118,0.08735418319702148
13,1,4,3,flop,0,♦J ♣J,♠A ♠10 ♣2,248,0.5201612903225806,0.49959335701401053,400,0,160,0,160,400,640,160,160,1,3,320,-160,262.58064516129025,0.560483870967742,96.12903225806451,0.040322580645161255,588.281076678972,428.281076678972,bet,214,1.257227897644043
13,2,4,3,turn,0,♦J ♣J,♠A ♠10 ♣2 ♣A,138,0.6956521739130435,0.4601306627938418,186,0,374,0,160,186,1282,160,160,1,3,320,-374,691.7391304347825,1.0869565217391304,469.13043478260863,0.3913043478260869,868.0451164286392,494.0451164286392,bet,305,1.2532238960266113
14,0,4,3,deal,0,♦4 ♠5,,20000,0.22727083333334994,0.3183136683655389,1680,0,0,160,0,1840,0,480,160,3,3,0,-160,-50.909999999992024,-0.3181874999999502,-50.909999999992024,-0.5454583333333001,316.71792269654463,156.71792269654463,check,0,0.08917522430419922
14,1,4,2,flop,1,♦4 ♠5,♦A ♣J ♠9,231,0.03896103896103896,0.193502135399368,1680,0,160,0,160,1680,480,0,0,4,2,0,-160,-301.2987012987013,-0.922077922077922,-301.2987012987013,-0.922077922077922,48.81758317365078,-111.18241682634923,fold,0,1.261199951171875
15,0,4,2,deal,0,♠5 ♣K,,20000,0.2704857142857424,0.3252719676318484,1600,0,0,80,80,1680,0,240,160,1,2,80,-80,-73.44457142856243,-0.45902857142851516,-95.08342857142182,-0.45902857142851516,378.99073692207395,298.99073692207395,call,0,0.0912313461303711
15,1,4,2,flop,1,♠5 ♣K,♠9 ♦4 ♣Q,105,0.12857142857142856,0.3238795442501324,1520,0,160,0,160,1520,320,0,0,4,2,0,-160,-278.8571428571429,-0.7428571428571429,-278.8571428571429,-0.7428571428571429,161.70578873157683,1.7057887315768312,fold,0,1.2454719543457031
16,0,4,4,deal,0,♦3 ♥K,,20000,0.2537404761904985,0.32156237486485034,1520,0,0,0,160,1520,0,400,160,2,4,240,0,2.393904761919032,0.014961904761993994,-58.5038095238006,-0.492519047619003,343.9026005771343,343.9026005771343,call,0,0.09796690940856934
16,1,4,3,flop,0,♦3 ♥K,♣9 ♠8 ♣5,377,0.10941644562334217,0.30653393725614403,1360,0,160,0,160,1360,640,206,160,1,2,160,-160,-209.92705570291776,-0.7811671087533156,-227.4336870026525,-0.7811671087533156,129.96864449711424,-30.03135550288576,fold,0,1.2647438049316406
17,0,4,4,deal,0,♦K ♦6,,20000,0.30988095238098895,0.352299175611894,1040,0,0,320,0,1360,0,960,320,3,3,0,-320,-22.514285714250605,-0.0703571428570331,-22.514285714250605,-0.3802380952380221,376.371796294474,56.371796294473995,check,0,0.09171199798583984
17,1,4,3,flop,1,♦K ♦6,♦5 ♥10 ♣3,211,0.1848341232227488,0.388162942738261,1040,0,320,0,320,1040,960,0,0,4,2,0,-320,-462.5592417061612,-0.6303317535545023,-462.5592417061612,-0.6303317535545023,207.3835241349207,-112.61647586507931,fold,0,1.2599239349365234
18,0,4,4,deal,0,♦Q ♣4,,20000,0.23912857142858762,0.3161968944037815,880,0,0,160,160,1040,0,800,320,2,3,160,-160,-90.43657142855588,-0.2826142857142371,-128.6971428571299,-0.5217428571428248,262.7330081178464,102.7330081178464,call,0,0.09079813957214355
18,1,4,4,flop,1,♦Q ♣4,♠10 ♦5 ♥3,91,0.08241758241758242,0.25958267716522454,720,0,320,0,320,720,960,0,0,4,3,0,-320,-560.8791208791208,-0.7527472527472527,-560.8791208791208,-0.8351648351648352,78.09610396117165,-241.90389603882835,fold,0,1.2480707168579102
19,0,4,4,deal,0,♠A ♣A,,20000,0.6576345238094539,0.2867518323545984,720,0,0,0,320,720,0,480,320,1,3,480,0,311.3291428570757,0.9729035714283616,-4.33542857146216,0.3152690476189077,973.2191426282451,973.2191426282451,bet,194,0.0926198959350586
19,1,4,4,flop,0,♠A ♣A,♦3 ♣7 ♥J,221,0.6108597285067874,0.4875552487620264,400,0,320,0,320,400,960,620,320,1,2,320,-320,520.6334841628959,0.22171945701357476,325.1583710407241,0.22171945701357476,756.1279733275086,436.1279733275086,bet,218,1.2552859783172607
19,2,4,4,turn,0,♠A ♣A,♦3 ♣7 ♥J ♠K,128,0.609375,0.48789046862487484,80,0,640,0,80,80,1900,80,320,1,1,80,-640,535.3125,-0.390625,486.5625,0.21875,652.6668337229909,12.666833722990873,call,0,1.2496318817138672
20,0,4,4,deal,0,♥5 ♠9,,20000,0.2090404761904827,0.30480960143349656,1420,0,0,640,0,2060,0,1920,640,3,3,0,-640,-238.6422857142732,-0.37287857142855196,-238.6422857142732,-0.5819190476190346,267.7205237685969,-372.2794762314031,check,0,0.08839917182922363
20,1,4,4,flop,1,♥5 ♠9,♣6 ♣7 ♠8,177,0.4604519774011299,0.4677338313179481,1420,0,640,0,640,1420,1920,0,0,4,3,0,-640,-395.93220338983053,0.3813559322033897,-395.93220338983053,-0.07909604519774016,704.4088477554678,64.40884775546783,bet,32,1.2569482326507568
21,0,4,4,deal,0,♠9 ♣K,,20000,0.316756547619088,0.34306513518560866,3380,0,0,320,320,3700,0,1600,640,2,3,320,-320,-31.827428571350993,-0.04973035714273599,-133.18952380945922,-0.366486904761824,684.061035294778,364.061035294778,call,0,0.08956003189086914
21,1,4,4,flop,1,♠9 ♣K,♣5 ♥J ♣6,96,0.15625,0.3630921887069453,3060,0,640,0,640,3060,1920,0,0,4,3,0,-640,-980.0,-0.53125,-980.0,-0.6875,286.97128036906247,-353.02871963093753,fold,0,1.2424190044403076
22,0,4,4,deal,0,♥6 ♥7,,20000,0.3019339285714612,0.36023665199147387,3060,0,0,0,360,3060,0,680,360,1,2,400,0,-33.91135714282194,-0.39613214285707765,-154.6849285714064,-0.39613214285707765,607.1217110647596,607.1217110647596,fold,0,0.09827709197998047
23,0,4,4,deal,0,♣K ♣10,,20000,0.3738315476190995,0.36859199947352433,1780,0,0,1280,0,3060,0,3280,1280,2,2,0,-1280,-53.83252380935369,-0.25233690476180104,-53.83252380935369,-0.25233690476180104,590.6914752444594,-689.3085247555406,check,0,0.09678292274475098
23,1,4,4,flop,1,♣K ♣10,♠5 ♥Q ♣J,90,0.4666666666666667,0.49888765156985887,1780,0,1280,0,1280,1780,3280,0,0,4,2,0,-1280,-1029.3333333333333,-0.06666666666666665,-1029.3333333333333,-0.06666666666666665,793.1752625536316,-486.82473744636843,call,0,1.248655080795288
24,0,4,4,deal,0,♦3 ♣6,,20000,0.21589285714286913,0.31186995201508744,2260,0,0,640,640,2900,0,3200,1280,2,3,640,-640,-450.9714285713826,-0.3523214285713926,-589.1428571428188,-0.5682142857142618,345.8496379648129,-294.1503620351871,call,0,0.09380507469177246
24,1,4,4,flop,1,♦3 ♣6,♦5 ♠J ♣3,115,0.4434782608695652,0.49679502111602436,1620,0,1280,0,1280,1620,3840,0,0,4,3,0,-1280,-857.0434782608695,0.3304347826086955,-857.0434782608695,-0.11304347826086958,708.1732775793452,-571.8267224206548,bet,-285,1.2463688850402832
25,0,4,4,deal,0,♦J ♥8,,20000,0.2672047619047831,0.33252759925016373,1620,0,0,0,880,1620,0,1520,880,1,2,1120,0,-174.57942857137266,-0.4655904761904338,-473.8487619047297,-0.4655904761904338,375.67377404369944,375.67377404369944,fold,0,0.08794188499450684
26,0,4,4,deal,0,♣5 ♣8,,20000,0.29569940476193596,0.36044860665006784,4560,1,0,0,2560,4560,0,3840,2560,1,2,2922,0,-560.4806249997891,-0.4086011904761281,-1424.514285714166,-0.4086011904761281,650.6116035754242,650.6116035754242,fold,0,0.09455585479736328
27,0,4,4,deal,0,♣10 ♥9,,20000,0.2755714285714525,0.3365892779853999,720,2,0,1280,720,2000,0,5280,2560,2,2,720,-1280,-346.57142857128497,-0.448857142857095,-544.9828571427308,-0.448857142857095,77.47952741424815,-1202.5204725857518,call,0,0.08954691886901855
28,0,4,4,deal,0,♠2 ♦8,,20000,0.21991845238096303,0.3120566547896275,5436,1,0,1280,1280,6716,0,4840,2560,1,2,1280,-1280,-1214.0990714285062,-0.560163095238074,-1495.594690476139,-0.560163095238074,533.567196682407,-746.432803317593,call,0,0.08886981010437012
28,1,4,4,flop,1,♠2 ♦8,♦A ♠7 ♣K,96,0.078125,0.2533949178160446,4156,1,2560,0,2560,4156,6120,0,0,4,2,0,-2560,-4641.875,-0.84375,-4641.875,-0.84375,140.00520698299962,-2419.9947930170006,fold,0,1.2466249465942383
29,0,4,4,deal,0,♥3 ♠4,,20000,0.21291190476191613,0.31485575949446876,4156,1,0,0,3000,4156,0,5560,3000,1,2,3440,0,-1083.7928571427549,-0.5741761904761677,-1816.2098095237463,-0.5741761904761677,412.0609375714881,412.0609375714881,fold,0,0.09149003028869629
30,0,4,3,deal,0,♣8 ♠A,,20000,0.3233416666667143,0.3376136511222779,3616,2,0,1280,1280,4896,0,3840,2560,1,2,1280,-1280,-904.4906666664226,-0.35331666666657136,-1318.367999999817,-0.35331666666657136,471.4604014865212,-808.5395985134787,call,0,0.08893418312072754
30,1,4,3,flop,1,♣8 ♠A,♣J ♣4 ♦2,122,0.2459016393442623,0.4306205093955309,2336,2,2560,0,2336,2336,5120,0,0,4,2,0,-2560,-3636.9836065573772,-0.5081967213114754,-3636.9836065573772,-0.5081967213114754,220.07809253534325,-2339.9219074646567,fold,0,1.245959997177124
31,0,4,4,deal,0,♠3 ♠6,,20000,0.27156726190478625,0.3560901766634876,2336,2,0,0,2336,2336,0,3616,2560,1,2,3616,0,-372.02556190458586,-0.4568654761904275,-1354.0127809522928,-0.4568654761904275,247.07979948210507,247.07979948210507,fold,0,0.09472203254699707
32,0,4,4,deal,0,♣6 ♥4,,20000,0.22761250000001523,0.3172775159915953,2000,2,0,0,2000,2000,0,4000,5120,1,1,2000,0,-634.3249999999086,-0.7723874999999848,-1089.549999999939,-0.5447749999999696,172.42456154271315,172.42456154271315,fold,0,0.13113617897033691
