round_id,turn,N,Nnf,roundName,first,hole,board,Nsim,prWin,prWinStd,chips,reld,pot,bet,minBet,maxBet,sumPot_all,sumBet_all,maxBet_all,N_maxBet_all,N_canraise,sumMinBet_all,util_fold,util_call,util_raise_coeff,util_call2,util_raise_coeff2,limitRoundBet,limitBet,action,amount,cputime
1,0,4,4,deal,0,♠4 ♥A,,20000,0.2948464285714673,0.33470241382310245,1000,0,0,0,20,1000,0,50,20,2,4,30,0,3.587714285717386,0.17938571428586925,-5.257678571426634,-0.4103071428570654,349.8373380981192,349.8373380981192,call,0,2.2527310848236084
2,0,4,4,deal,0,♥5 ♥6,,20000,0.28568511904764854,0.356101454280548,1000,0,0,0,20,1000,0,30,20,1,4,50,0,2.854809523811884,0.14274047619059416,-11.429446428570543,-0.4286297619047029,336.91068500168706,336.91068500168706,call,0,0.09716916084289551
2,1,4,3,flop,0,♥5 ♥6,♠3 ♠K ♣3,268,0.09701492537313433,0.26434664558296284,980,0,20,0,20,980,80,20,20,1,3,40,-20,-26.417910447761194,-0.708955223880597,-30.298507462686565,-0.8059701492537313,101.51333637523283,81.51333637523283,fold,0,1.256216049194336
3,0,4,3,deal,0,♥5 ♦9,,20000,0.2090404761904827,0.30480960143349656,960,0,0,20,0,980,0,60,20,3,3,0,-20,-7.457571428571038,-0.37287857142855196,-7.457571428571038,-0.5819190476190346,231.71133051317156,211.71133051317156,check,0,0.08989715576171875
3,1,4,2,flop,1,♥5 ♦9,♣10 ♦8 ♣8,183,0.12704918032786885,0.3220800443342377,960,0,20,0,20,960,60,0,0,4,2,0,-20,-32.37704918032787,-0.7459016393442623,-32.37704918032787,-0.7459016393442623,134.25536718300822,114.25536718300822,fold,0,1.2447481155395508
4,0,4,3,deal,0,♥J ♥5,,20000,0.2629250000000207,0.34269775332788327,950,0,0,10,10,960,0,50,20,2,3,10,-10,-4.224499999998756,-0.21122499999993782,-6.853749999998964,-0.47414999999995855,300.40855477291547,290.40855477291547,call,0,0.09546399116516113
4,1,4,3,flop,1,♥J ♥5,♣7 ♥6 ♣4,86,0.20930232558139536,0.38477656064591387,940,0,20,0,20,940,60,0,0,4,3,0,-20,-27.441860465116278,-0.37209302325581395,-27.441860465116278,-0.5813953488372092,230.47066116775133,210.47066116775133,fold,0,1.2378120422363281
5,0,4,4,deal,0,♦7 ♠5,,20000,0.2425869047619246,0.32413523341592326,940,0,0,0,80,940,0,140,80,1,4,180,0,-2.37219047618413,-0.029652380952301605,-46.03783333333055,-0.5148261904761509,272.6774487126975,272.6774487126975,fold,0,0.09471797943115234
6,0,4,4,deal,0,♣9 ♦6,,20000,0.2190892857142945,0.30955871949987246,940,0,0,0,40,940,0,60,40,1,4,100,0,-4.9457142857128815,-0.12364285714282197,-26.85464285714233,-0.5618214285714109,242.6938190923462,242.6938190923462,fold,0,0.09205293655395508
7,0,4,3,deal,0,♦10 ♣A,,20000,0.3613666666667215,0.35369822023099207,900,0,0,40,0,940,0,120,40,3,3,0,-40,3.364000000006584,0.0841000000001646,3.364000000006584,-0.27726666666655697,434.09484180892775,394.09484180892775,check,0,0.10627889633178711
7,1,4,2,flop,1,♦10 ♣A,♦9 ♥Q ♦Q,169,0.3431952662721893,0.46107674270129656,900,0,40,0,40,900,120,0,0,4,2,0,-40,-38.816568047337284,-0.31360946745562135,-38.816568047337284,-0.31360946745562135,406.93512575638147,366.93512575638147,call,0,1.2467660903930664
7,2,4,2,turn,1,♦10 ♣A,♦9 ♥Q ♦Q ♥3,84,0.25,0.4330127018922193,860,0,80,0,40,860,200,0,0,4,2,0,-80,-70.0,-0.5,-70.0,-0.5,274.64761603546043,194.64761603546043,call,0,1.2371881008148193
7,3,4,2,river,1,♦10 ♣A,♦9 ♥Q ♦Q ♥3 ♣8,178,0.042134831460674156,0.19012102538222156,820,0,120,0,40,820,280,0,0,4,2,0,-120,-148.20224719101122,-0.9157303370786517,-148.20224719101122,-0.9157303370786517,40.5230053883254,-79.4769946116746,fold,0,1.2512829303741455
8,0,4,3,deal,0,♥Q ♦J,,20000,0.3293285714286097,0.354002832700755,800,0,0,20,20,820,0,100,40,2,3,20,-20,-0.480571428566833,-0.012014285714170847,-7.067142857139025,-0.34134285714278056,373.37536175547075,353.37536175547075,call,0,0.0969538688659668
8,1,4,3,flop,1,♥Q ♦J,♣4 ♦K ♠J,67,0.664179104477612,0.46027295358535153,780,0,40,0,40,780,120,0,0,4,3,0,-40,-0.29850746268655826,0.9925373134328359,-0.29850746268655826,0.32835820895522394,1012.5981380516625,972.5981380516625,bet,486,1.2546658515930176
9,0,4,4,deal,0,♠10 ♥5,,20000,0.2115255952381036,0.3044234054915725,900,0,0,0,80,900,0,200,80,2,4,120,0,-12.311809523806843,-0.1538976190475856,-37.69488095237928,-0.5769488095237928,230.06076812457638,230.06076812457638,fold,0,0.09226298332214355
10,0,4,4,deal,0,♦Q ♠A,,20000,0.3817708333333927,0.3576421211367939,900,0,0,0,80,900,0,120,80,1,4,200,0,42.16666666668566,0.5270833333335707,-34.18749999999288,-0.23645833333321464,465.52845075873756,465.52845075873756,bet,93,0.09442424774169922
10,1,4,4,deal,0,♦Q ♠A,,20000,0.3817708333333927,0.3576421211367939,807,0,0,93,93,900,0,465,186,1,4,279,-93,98.03750000004413,0.5270833333335707,-8.476562499972403,-0.23645833333321464,450.59943492406086,357.59943492406086,bet,71,0.08015203475952148
10,2,4,4,flop,0,♦Q ♠A,♦K ♦6 ♦A,222,0.722972972972973,0.4437394223474127,714,0,186,0,80,714,744,160,80,2,4,160,-186,503.24324324324334,1.891891891891892,387.5675675675676,0.44594594594594605,1162.9208500088384,976.9208500088384,bet,488,1.253281831741333
10,3,4,3,turn,0,♦Q ♠A,♦K ♦6 ♦A ♠8,208,0.6826923076923077,0.4654283196261904,226,0,674,0,80,226,2208,160,80,2,3,80,-674,917.2307692307693,1.0480769230769234,862.6153846153848,0.3653846153846154,852.9428120867956,178.94281208679558,bet,110,1.2486627101898193
10,4,4,3,river,0,♦Q ♠A,♦K ♦6 ♦A ♠8 ♥J,331,0.6329305135951662,0.4796494736035213,116,0,784,0,80,116,2538,160,80,2,3,80,-784,894.2809667673716,0.8987915407854985,843.6465256797583,0.26586102719033233,707.8950014909899,-76.1049985090101,bet,-60,1.261904001235962
11,0,4,3,deal,0,♥10 ♣Q,,20000,0.32178154761908506,0.35030213787709275,2734,0,0,80,0,2814,0,240,80,3,3,0,-80,-2.7724285714195815,-0.034655357142744814,-2.7724285714195815,-0.3564369047618299,613.5879334878997,533.5879334878997,check,0,0.11183524131774902
11,1,4,2,flop,1,♥10 ♣Q,♠6 ♠10 ♠Q,183,0.639344262295082,0.48019077101235447,2734,0,80,0,80,2734,240,0,0,4,2,0,-80,-6.557377049180332,0.278688524590164,-6.557377049180332,0.278688524590164,1611.5865698073962,1531.5865698073962,bet,765,1.2486681938171387
12,0,4,3,deal,0,♥5 ♦6,,20000,0.24249642857144954,0.3244997178139429,2934,0,0,40,40,2974,0,200,80,2,3,40,-40,-21.80085714285211,-0.2725107142856513,-31.50071428571009,-0.5150071428571009,457.41909668880123,417.41909668880123,call,0,0.08731293678283691
12,1,4,3,flop,1,♥5 ♦6,♦2 ♠4 ♠J,99,0.18181818181818182,0.38569460791993504,2894,0,80,0,80,2894,240,0,0,4,3,0,-80,-116.36363636363636,-0.4545454545454546,-116.36363636363636,-0.6363636363636364,327.82715340135303,247.82715340135303,fold,0,1.2390179634094238
13,0,4,4,deal,0,♣3 ♦9,,20000,0.18653273809524432,0.2909522565203122,2894,0,0,0,160,2894,0,400,160,2,4,240,0,-40.61904761904364,-0.25386904761902274,-85.38690476190227,-0.6269345238095114,337.26789769853076,337.26789769853076,fold,0,0.09247088432312012
14,0,4,4,deal,0,♥2 ♦6,,20000,0.2063369047619127,0.3088806588205405,2894,0,0,0,160,2894,0,240,160,1,4,400,0,-27.944380952375866,-0.17465238095234925,-110.47914285714096,-0.5873261904761746,377.53203647968286,377.53203647968286,fold,0,0.23639917373657227
15,0,4,4,deal,0,♣2 ♥2,,20000,0.22624583333335407,0.33158942612441256,2734,0,0,160,0,2894,0,480,160,3,3,0,-160,-51.40199999999004,-0.32126249999993783,-51.40199999999004,-0.5475083333332919,405.33530848171836,245.33530848171836,check,0,0.0870511531829834
15,1,4,4,flop,1,♣2 ♥2,♦K ♠A ♦3,183,0.11475409836065574,0.31872495238071447,2734,0,160,0,160,2734,480,0,0,4,3,0,-160,-264.91803278688525,-0.6557377049180328,-264.91803278688525,-0.7704918032786885,192.6161431898,32.6161431898,fold,0,1.247187852859497
16,0,4,4,deal,0,♠7 ♣8,,20000,0.2735654761905041,0.3318299274593657,2654,0,0,80,80,2734,0,400,160,2,3,80,-80,-28.68857142855805,-0.17930357142848774,-50.57380952379836,-0.4528690476189918,496.52321893307214,416.52321893307214,call,0,0.10054993629455566
16,1,4,4,flop,1,♠7 ♣8,♥6 ♦3 ♦J,102,0.23529411764705882,0.42418250299576343,2574,0,160,0,160,2574,480,0,0,4,3,0,-160,-207.05882352941177,-0.2941176470588236,-207.05882352941177,-0.5294117647058824,409.5958392264352,249.5958392264352,fold,0,1.2413220405578613
17,0,4,4,deal,0,♣10 ♣6,,20000,0.26797500000002167,0.34623491051641775,2574,0,0,0,320,2574,0,480,320,1,3,480,0,-62.74399999997922,-0.19607499999993494,-191.3719999999896,-0.46404999999995666,476.2830025305467,476.2830025305467,fold,0,0.09035587310791016
18,0,4,4,deal,0,♣9 ♠4,,20000,0.19559047619048248,0.29795370807213634,2254,0,0,320,0,2574,0,960,320,3,3,0,-320,-132.2331428571368,-0.4132285714285526,-132.2331428571368,-0.608819047619035,309.06280134459115,-10.93719865540885,check,0,0.0874488353729248
18,1,4,4,flop,1,♣9 ♠4,♥J ♣J ♣3,191,0.12827225130890052,0.33144400743972807,2254,0,320,0,320,2254,960,0,0,4,3,0,-320,-516.8586387434555,-0.6151832460732984,-516.8586387434555,-0.743455497382199,194.93768578416925,-125.06231421583075,fold,0,1.252290964126587
19,0,4,4,deal,0,♦8 ♣5,,20000,0.24905059523811524,0.3255937779036994,2094,0,0,160,480,2254,0,1120,640,1,2,754,-160,-173.27918452377207,-0.5018988095237695,-361.06333333331094,-0.5018988095237695,391.4205579250395,231.42055792503947,fold,0,0.09439682960510254
