,N,Nnf,round,first,hole,board,Nsim,prWin,prWinStd,pot,bet,maxBet,NMaxBet,minBet,util_fold,util_call,util_raise_coeff,util_call2,util_raise_coeff2,action,amount,cputime
0,7,7,Deal,0,♥10 ♠7,,100,0.13785714285714284,0.3223407691071227,0,20,112,1,92,-20,-3.920000000000016,-0.03500000000000014,-81.12,-0.7242857142857143,call,0,0.5211460590362549
1,7,7,Deal,0,♥10 ♠7,,210,0.11485260770975057,0.30183401243476327,0,112,262,1,150,-112,-51.36031746031745,-0.196031746031746,-201.8172335600907,-0.7702947845804988,call,0,0.5216310024261475
2,7,7,Flop,0,♥10 ♠7,♠J ♠9 ♣A,30,0.1,0.30000000000000004,1834,0,20,1,20,-262,-84.6,-0.29999999999999993,-94.6,-0.8,call,0,0.5211591720581055
3,7,6,Flop,0,♥10 ♠7,♠J ♠9 ♣A,135,0.11481481481481481,0.31588054904030216,1834,20,73,5,53,-282,-74.14074074074074,-0.3111111111111111,-107.66666666666666,-0.7703703703703704,call,0,0.521806001663208
4,7,6,Turn,1,♥10 ♠7,♠J ♠9 ♣A ♦K,5,0.3,0.39999999999999997,2292,0,0,7,20,-335,352.6,0.7999999999999998,352.6,-0.4,raise,0,0.5251410007476807
5,7,6,Turn,0,♥10 ♠7,♠J ♠9 ♣A ♦K,80,0.06458333333333333,0.21326455597059096,2292,20,72,2,52,-355,-231.07500000000002,-0.6125,-249.675,-0.8708333333333333,call,0,0.530318021774292
6,7,6,Turn,0,♥10 ♠7,♠J ♠9 ♣A ♦K,155,0.1064516129032258,0.2820075693382452,2292,72,123,5,51,-407,-135.45161290322585,-0.3612903225806452,-187.82580645161295,-0.7870967741935484,call,0,0.524378776550293
7,7,6,River,1,♥10 ♠7,♠J ♠9 ♣A ♦K ♥J,5,0.0,0.0,3030,0,0,7,20,-458,-458.0,-1.0,-458.0,-1.0,call,0,0.5247721672058105
8,7,6,River,0,♥10 ♠7,♠J ♠9 ♣A ♦K ♥J,75,0.0,0.0,3030,20,67,3,47,-478,-525.0,-1.0,-525.0,-1.0,fold,0,0.5273551940917969
