,N,Nnf,round,first,hole,board,Nsim,prWin,prWinStd,pot,bet,maxBet,NMaxBet,minBet,util_fold,util_call,util_raise_coeff,util_call2,util_raise_coeff2,action,amount,cputime
0,7,6,Deal,0,♦2 ♣A,,65,0.15604395604395604,0.3494540050972964,0,20,107,1,87,-20,-6.819780219780213,-0.06373626373626373,-73.6065934065934,-0.6879120879120879,call,0,0.527177095413208
1,7,6,Deal,0,♦2 ♣A,,120,0.15119047619047618,0.3509199926904155,0,107,227,1,120,-107,-21.078571428571422,-0.09285714285714297,-158.3595238095238,-0.6976190476190476,call,0,0.5285518169403076
2,7,6,Flop,1,♦2 ♣A,♥5 ♣8 ♣7,5,0.2,0.4000000000000001,908,0,0,7,40,-227,-45.39999999999998,0.20000000000000018,-45.39999999999998,-0.6,raise,0,0.5249500274658203
3,7,6,Flop,0,♦2 ♣A,♥5 ♣8 ♣7,60,0.15555555555555556,0.34542870126021813,908,40,152,1,112,-267,-95.88888888888891,-0.06666666666666665,-190.46666666666667,-0.6888888888888889,call,0,0.5236082077026367
4,7,5,Flop,0,♦2 ♣A,♥5 ♣8 ♣7,110,0.13484848484848486,0.3283686756439611,908,152,256,2,104,-379,-187.95151515151514,-0.3257575757575757,-291.5151515151515,-0.7303030303030302,call,0,0.5203409194946289
5,7,5,Turn,1,♦2 ♣A,♥5 ♣8 ♣7 ♥10,15,0.06666666666666667,0.24944382578492946,1828,0,0,7,40,-483,-361.1333333333333,-0.6666666666666667,-361.1333333333333,-0.8666666666666667,call,0,0.5216209888458252
6,7,5,Turn,0,♦2 ♣A,♥5 ♣8 ♣7 ♥10,55,0.03636363636363636,0.18719327529067276,1828,40,126,2,86,-523,-519.6181818181818,-0.8181818181818181,-533.3636363636364,-0.9272727272727272,call,0,0.5260329246520996
7,7,5,River,1,♦2 ♣A,♥5 ♣8 ♣7 ♥10 ♣9,5,0.0,0.0,2206,0,0,7,40,-609,-609.0,-1.0,-609.0,-1.0,call,0,0.5252089500427246
8,7,5,River,0,♦2 ♣A,♥5 ♣8 ♣7 ♥10 ♣9,45,0.0,0.0,2206,40,47,2,7,-649,-656.0,-1.0,-656.0,-1.0,fold,0,0.5223331451416016
