,N,Nnf,round,first,hole,board,Nsim,prWin,prWinStd,pot,bet,maxBet,NMaxBet,minBet,util_fold,util_call,util_raise_coeff,util_call2,util_raise_coeff2,action,amount,cputime
0,7,5,Deal,0,♣3 ♠3,,65,0.15824175824175823,0.3597688748068642,0,20,40,2,20,-20,-8.351648351648354,-0.20879120879120883,-27.340659340659343,-0.6835164835164835,call,0,0.5243070125579834
1,7,5,Deal,0,♣3 ♠3,,105,0.17414965986394557,0.37615049424024777,0,40,122,1,82,-40,-15.768707482993193,-0.12925170068027214,-79.50748299319727,-0.6517006802721088,call,0,0.5229220390319824
2,7,5,Deal,0,♣3 ♠3,,145,0.1684729064039409,0.37088591109366886,0,122,248,2,126,-122,-39.09359605911328,-0.1576354679802956,-164.43743842364532,-0.6630541871921183,call,0,0.5237610340118408
3,7,5,Flop,1,♣3 ♠3,♣A ♠9 ♦6,5,0.2,0.4000000000000001,744,0,0,7,40,-248,-99.19999999999999,0.0,-99.19999999999999,-0.6,call,0,0.5204977989196777
4,7,5,Flop,0,♣3 ♠3,♣A ♠9 ♦6,40,0.15,0.3570714214271425,744,40,154,2,114,-288,-174.90000000000003,-0.25,-244.20000000000002,-0.7,call,0,0.5226831436157227
5,7,5,Turn,1,♣3 ♠3,♣A ♠9 ♦6 ♣J,5,0.0,0.0,1206,0,0,7,40,-402,-402.0,-1.0,-402.0,-1.0,call,0,0.5238401889801025
6,7,5,Turn,0,♣3 ♠3,♣A ♠9 ♦6 ♣J,40,0.075,0.26339134382131846,1206,40,154,2,114,-442,-407.8,-0.625,-442.45,-0.85,call,0,0.520941972732544
7,7,5,River,1,♣3 ♠3,♣A ♠9 ♦6 ♣J ♦K,5,0.0,0.0,1668,0,0,7,40,-556,-556.0,-1.0,-556.0,-1.0,call,0,0.5315389633178711
8,7,5,River,0,♣3 ♠3,♣A ♠9 ♦6 ♣J ♦K,45,0.0,0.0,1668,40,149,1,109,-596,-705.0,-1.0,-705.0,-1.0,fold,0,0.5299811363220215
