,N,Nnf,round,first,hole,board,Nsim,prWin,prWinStd,pot,bet,maxBet,NMaxBet,minBet,util_fold,util_call,util_raise_coeff,util_call2,util_raise_coeff2,action,amount,cputime
0,8,7,Deal,0,♥3 ♣10,,100,0.105,0.2940663190506522,0,40,138,1,98,-40,-36.56999999999999,-0.265,-109.02,-0.79,call,0,0.5274491310119629
1,8,7,Deal,0,♥3 ♣10,,165,0.08484848484848485,0.2675604855108377,0,138,238,3,100,-138,-96.64242424242423,-0.406060606060606,-197.61212121212122,-0.8303030303030303,call,0,0.5270261764526367
2,8,7,Flop,1,♥3 ♣10,♦10 ♠J ♠7,5,0.0,0.0,1448,0,0,8,40,-238,-238.0,-1.0,-238.0,-1.0,call,0,0.5230178833007812
3,8,6,Flop,0,♥3 ♣10,♦10 ♠J ♠7,70,0.07857142857142857,0.2623481096029565,1448,40,104,4,64,-278,-179.2,-0.5285714285714286,-211.8857142857143,-0.8428571428571429,call,0,0.5280928611755371
4,8,6,Turn,1,♥3 ♣10,♦10 ♠J ♠7 ♦9,5,0.0,0.0,1968,0,0,8,40,-342,-342.0,-1.0,-342.0,-1.0,call,0,0.52459716796875
5,8,6,Turn,0,♥3 ♣10,♦10 ♠J ♠7 ♦9,60,0.05,0.19790570145063194,1968,40,133,2,93,-382,-336.7,-0.7,-363.3,-0.9,call,0,0.5228619575500488
6,8,6,Turn,0,♥3 ♣10,♦10 ♠J ♠7 ♦9,115,0.030434782608695653,0.1516138762970669,1968,133,195,3,62,-475,-441.4956521739131,-0.817391304347826,-465.23478260869564,-0.9391304347826087,call,0,0.5245761871337891
7,8,6,River,1,♥3 ♣10,♦10 ♠J ♠7 ♦9 ♣9,5,0.0,0.0,2903,0,0,8,40,-537,-537.0,-1.0,-537.0,-1.0,call,0,0.5287332534790039
8,8,6,River,0,♥3 ♣10,♦10 ♠J ♠7 ♦9 ♣9,50,0.07,0.24515301344262524,2903,40,147,3,107,-577,-419.04999999999995,-0.58,-460.21,-0.86,call,0,0.5219368934631348
