,N,Nnf,round,first,hole,board,Nsim,prWin,prWinStd,pot,bet,maxBet,NMaxBet,minBet,util_fold,util_call,util_raise_coeff,util_call2,util_raise_coeff2,action,amount,cputime
0,8,7,Deal,0,♥6 ♦8,,65,0.1076923076923077,0.2973253552321183,0,40,88,1,48,-40,-21.661538461538456,-0.24615384615384617,-69.04615384615384,-0.7846153846153846,call,0,0.5224127769470215
1,8,7,Deal,0,♥6 ♦8,,115,0.0967391304347826,0.28649914141935306,0,88,164,2,76,-88,-52.94347826086957,-0.3228260869565218,-132.26956521739132,-0.8065217391304348,call,0,0.5228478908538818
2,8,7,Flop,1,♥6 ♦8,♥A ♣5 ♣8,5,0.1,0.20000000000000004,676,0,0,8,40,-164,-96.39999999999999,-0.29999999999999993,-96.39999999999999,-0.8,call,0,0.5216171741485596
3,8,7,Flop,0,♥6 ♦8,♥A ♣5 ♣8,50,0.14,0.332264954516723,676,40,151,2,111,-204,-72.37999999999997,-0.019999999999999907,-178.07999999999998,-0.72,call,0,0.5243520736694336
4,8,7,Turn,1,♥6 ♦8,♥A ♣5 ♣8 ♠4,5,0.1,0.20000000000000004,1280,0,0,8,40,-315,-187.0,-0.29999999999999993,-187.0,-0.8,call,0,0.5293800830841064
5,8,7,Turn,0,♥6 ♦8,♥A ♣5 ♣8 ♠4,50,0.12,0.2925747767665559,1280,40,67,1,27,-355,-172.12,-0.16000000000000003,-212.32,-0.76,call,0,0.5212538242340088
6,8,7,Turn,0,♥6 ♦8,♥A ♣5 ♣8 ♠4,90,0.07222222222222222,0.23047187236323935,1280,67,151,2,84,-382,-297.2166666666667,-0.49444444444444446,-351.74444444444447,-0.8555555555555556,call,0,0.5286641120910645
7,8,7,River,1,♥6 ♦8,♥A ♣5 ♣8 ♠4 ♥5,5,0.0,0.0,1884,0,0,8,40,-466,-466.0,-1.0,-466.0,-1.0,call,0,0.5285561084747314
8,8,7,River,0,♥6 ♦8,♥A ♣5 ♣8 ♠4 ♥5,45,0.03333333333333333,0.1247219128924647,1884,40,1108,2,1068,-506,-1252.6666666666667,-0.7666666666666666,-1437.3333333333335,-0.9333333333333333,fold,0,0.5265090465545654
