,N,Nnf,round,first,hole,board,Nsim,prWin,prWinStd,pot,bet,maxBet,NMaxBet,minBet,util_fold,util_call,util_raise_coeff,util_call2,util_raise_coeff2,action,amount,cputime
0,8,7,Deal,0,♥9 ♣6,,65,0.1076923076923077,0.3099914104555367,0,40,136,2,96,-40,-33.47692307692307,-0.24615384615384617,-106.7076923076923,-0.7846153846153846,call,0,0.5213048458099365
1,8,7,Deal,0,♥9 ♣6,,110,0.10909090909090909,0.3117532399905863,0,136,290,1,154,-136,-68.54545454545456,-0.23636363636363644,-226.72727272727275,-0.7818181818181819,call,0,0.5245978832244873
2,8,7,Flop,1,♥9 ♣6,♥J ♠5 ♦4,5,0.2,0.4000000000000001,1180,0,0,8,40,-290,-54.0,0.40000000000000013,-54.0,-0.6,raise,0,0.5253560543060303
3,8,7,Flop,0,♥9 ♣6,♥J ♠5 ♦4,50,0.06,0.23748684174075835,1180,40,134,1,94,-330,-296.92,-0.5800000000000001,-337.12,-0.88,call,0,0.5261297225952148
4,8,6,Flop,0,♥9 ♣6,♥J ♠5 ♦4,95,0.042105263157894736,0.20082930556146225,1180,134,183,2,49,-424,-377.0842105263158,-0.7473684210526316,-407.90526315789475,-0.9157894736842105,call,0,0.5247478485107422
5,8,6,Turn,1,♥9 ♣6,♥J ♠5 ♦4 ♥7,5,0.1,0.2,1781,0,0,8,40,-473,-294.9,-0.3999999999999999,-294.9,-0.8,call,0,0.5273699760437012
6,8,5,Turn,0,♥9 ♣6,♥J ♠5 ♦4 ♥7,40,0.05833333333333333,0.1920286436967152,1781,40,91,1,51,-513,-433.5666666666667,-0.7083333333333334,-449.4916666666667,-0.8833333333333333,call,0,0.5194146633148193
7,8,5,River,1,♥9 ♣6,♥J ♠5 ♦4 ♥7 ♣4,5,0.0,0.0,1963,0,0,8,40,-564,-564.0,-1.0,-564.0,-1.0,call,0,0.5210938453674316
8,8,5,River,0,♥9 ♣6,♥J ♠5 ♦4 ♥7 ♣4,25,0.0,0.0,1963,40,64,1,24,-604,-628.0,-1.0,-628.0,-1.0,fold,0,0.5268118381500244
