,N,Nnf,round,first,hole,board,Nsim,prWin,prWinStd,pot,bet,maxBet,NMaxBet,minBet,util_fold,util_call,util_raise_coeff,util_call2,util_raise_coeff2,action,amount,cputime
0,8,8,Deal,0,♦A ♠K,,100,0.23,0.4148493702538308,0,20,126,1,106,-20,105.84,0.8400000000000001,-68.03999999999999,-0.54,raise,0,0.5248801708221436
1,8,8,Flop,0,♦A ♠K,♠Q ♦7 ♦10,35,0.21428571428571427,0.383325938999964,2016,0,20,1,20,-252,194.28571428571428,0.7142857142857142,168.57142857142856,-0.5714285714285714,raise,0,0.5305049419403076
2,8,6,Flop,0,♦A ♠K,♠Q ♦7 ♦10,140,0.20357142857142857,0.39594565180548896,2016,40,51,1,11,-292,169.69285714285712,0.22142857142857153,128.1642857142857,-0.5928571428571429,raise,0,0.5256459712982178
3,8,6,Flop,0,♦A ♠K,♠Q ♦7 ♦10,205,0.22439024390243903,0.4112921267947578,2016,102,126,4,24,-354,244.00975609756097,0.34634146341463423,130.91707317073173,-0.551219512195122,raise,0,0.5292861461639404
4,8,6,Turn,1,♦A ♠K,♠Q ♦7 ♦10 ♦9,5,0.2,0.4,3548,0,0,8,20,-504,205.60000000000002,0.20000000000000018,205.60000000000002,-0.6,raise,0,0.5265650749206543
5,8,6,Turn,0,♦A ♠K,♠Q ♦7 ♦10 ♦9,70,0.2714285714285714,0.4446966404649538,3548,20,70,4,50,-524,503.02857142857147,0.6285714285714286,427.02857142857135,-0.4571428571428572,raise,0,0.5252339839935303
6,8,6,Turn,0,♦A ♠K,♠Q ♦7 ♦10 ♦9,135,0.22592592592592592,0.4159706120251611,3548,140,144,3,4,-644,348.7851851851851,0.3555555555555556,218.65185185185192,-0.5481481481481482,raise,0,0.5266568660736084
7,8,6,River,1,♦A ♠K,♠Q ♦7 ♦10 ♦9 ♠2,5,0.0,0.0,5050,0,0,8,20,-792,-792.0,-1.0,-792.0,-1.0,call,0,0.5216951370239258
8,8,6,River,0,♦A ♠K,♠Q ♦7 ♦10 ♦9 ♠2,50,0.0,0.0,5050,20,52,2,32,-812,-844.0,-1.0,-844.0,-1.0,fold,0,0.5226471424102783
