﻿game_id,round_id,turn_id,roundName,playerName,chips,reloadCount,position,pot,bet,action,amount
20180326034635,1,1,Deal,6b42d00c4ca6ddc33a604c54b8ce4adc,960,0,1,70,40,raise,40
20180326034635,1,2,Deal,f74c6af46a78becb2f1bd3f95bbd5858,960,0,2,110,40,call,40
20180326034635,1,3,Deal,63b07e828bf016e976ff95d6ee07a105,960,0,D,150,40,call,40
20180326034635,1,4,Deal,06d80eb0c50b49a509b49f2424e8c805,0,0,SB,1140,1000,allin,990
20180326034635,1,5,Deal,8621ffdbc5698829397d97767ac13db3,0,0,BB,2120,1000,allin,980
20180326034635,1,6,Deal,6b42d00c4ca6ddc33a604c54b8ce4adc,0,0,1,3080,1000,allin,960
20180326034635,1,7,Deal,f74c6af46a78becb2f1bd3f95bbd5858,0,0,2,4040,1000,allin,960
20180326034635,1,8,Deal,63b07e828bf016e976ff95d6ee07a105,0,0,D,5000,1000,allin,960
20180326034635,2,1,Deal,f74c6af46a78becb2f1bd3f95bbd5858,0,1,1,1030,1000,allin,1000
20180326034635,2,2,Deal,63b07e828bf016e976ff95d6ee07a105,1000,2,2,2030,1000,call,1000
20180326034635,2,3,Deal,06d80eb0c50b49a509b49f2424e8c805,0,0,D,7030,5000,allin,5000
20180326034635,2,4,Deal,8621ffdbc5698829397d97767ac13db3,0,1,SB,8020,1000,allin,990
20180326034635,2,5,Deal,6b42d00c4ca6ddc33a604c54b8ce4adc,0,1,BB,9000,1000,allin,980
20180326034635,2,6,Deal,63b07e828bf016e976ff95d6ee07a105,0,2,2,10000,2000,allin,1000
20180326034635,3,1,Deal,63b07e828bf016e976ff95d6ee07a105,1980,2,1,50,20,call,20
20180326034635,3,2,Deal,06d80eb0c50b49a509b49f2424e8c805,0,0,2,3050,3000,allin,3000
20180326034635,3,3,Deal,8621ffdbc5698829397d97767ac13db3,0,2,D,4050,1000,allin,1000
20180326034635,3,4,Deal,6b42d00c4ca6ddc33a604c54b8ce4adc,0,1,SB,9040,5000,allin,4990
20180326034635,3,5,Deal,f74c6af46a78becb2f1bd3f95bbd5858,0,2,BB,10020,1000,allin,980
20180326034635,3,6,Deal,63b07e828bf016e976ff95d6ee07a105,0,2,1,12000,2000,allin,1980
20180326034635,4,1,Deal,06d80eb0c50b49a509b49f2424e8c805,0,0,1,2030,2000,allin,2000
20180326034635,4,2,Deal,6b42d00c4ca6ddc33a604c54b8ce4adc,0,1,D,4030,2000,allin,2000
20180326034635,4,3,Deal,f74c6af46a78becb2f1bd3f95bbd5858,0,2,SB,9020,5000,allin,4990
20180326034635,4,4,Deal,63b07e828bf016e976ff95d6ee07a105,0,2,BB,12000,3000,allin,2980
20180326034635,5,1,Deal,6b42d00c4ca6ddc33a604c54b8ce4adc,0,1,1,8030,8000,allin,8000
20180326034635,5,2,Deal,f74c6af46a78becb2f1bd3f95bbd5858,0,2,D,11030,3000,allin,3000
20180326034635,5,3,Deal,63b07e828bf016e976ff95d6ee07a105,0,2,SB,12020,1000,allin,990
20180326034635,5,4,Deal,06d80eb0c50b49a509b49f2424e8c805,0,1,BB,13000,1000,allin,980
20180326034635,6,1,Deal,f74c6af46a78becb2f1bd3f95bbd5858,0,2,1,4060,4000,allin,4000
20180326034635,6,2,Deal,63b07e828bf016e976ff95d6ee07a105,0,2,D,8060,4000,allin,4000
20180326034635,6,3,Deal,06d80eb0c50b49a509b49f2424e8c805,0,2,SB,9040,1000,allin,980
20180326034635,6,4,Deal,6b42d00c4ca6ddc33a604c54b8ce4adc,0,1,BB,14000,5000,allin,4960
