﻿round_id,turn,N,Nnf,roundName,first,hole,board,Nsim,prWin,prWinStd,chips,reld,chips_total,pot,bet,cost_on_table,cost_to_call,cost_total,maxBet_all,N_maxBet_all,prWin_adj,limitBet,util_fold,util_call,util_raise_coeff,action,amount,cputime
1,0,9,9,deal,False,♦4 ♠6,,60000,0.09634074074074848,0.2842050013259605,1000,0,3000,0,0,0,40,40,40,1,0.2807519685526016,130.0696918267937,0,-9.117283459213823,-0.4384960628947968,fold,0,0.41875672340393066
2,0,9,9,deal,False,♠4 ♣2,,60000,0.07686111111111668,0.2560314514063371,1000,0,3000,0,0,0,20,20,20,1,0.24201109744135646,109.36327706312275,0,-7.899445127932177,-0.5159778051172871,fold,0,0.4118220806121826
3,0,9,5,deal,False,♦10 ♥K,,60000,0.1618203703703926,0.3482920352025795,980,0,2980,0,20,20,20,40,40,2,0.3883162272292482,192.71247519398253,-20,42.13059635667971,-0.22336754554150362,check,0,0.4120047092437744
3,1,9,5,deal,False,♦10 ♥K,,60000,0.1618203703703926,0.3482920352025795,960,0,2960,0,40,40,96,136,136,2,0.3883162272292482,191.4191028772444,0,106.31275438643831,-0.22336754554150362,check,0,0.39092206954956055
3,2,9,5,flop,False,♦10 ♥K,♦2 ♥A ♠K,311,0.17363344051446947,0.36583953668073355,864,0,2864,136,0,136,20,156,20,1,0.39566624033842124,313.2115425664134,0,264.8796930436633,-0.20866751932315752,check,0,1.260193109512329
3,3,9,5,turn,True,♦10 ♥K,♦2 ♥A ♠K ♥2,315,0.05555555555555555,0.21902461346870272,844,0,2844,156,0,156,20,176,0,9,0.1853623371488003,194.6281070275257,0,128.28986971904024,-0.6292753257023994,check,0,1.2615129947662354
3,4,9,3,turn,False,♦10 ♥K,♦2 ♥A ♠K ♥2,1190,0.1004201680672269,0.28043052622963205,844,0,2844,156,0,156,38,194,38,2,0.2707441311640896,299.7390315245784,0,204.0452532606961,-0.45851173767182085,check,0,1.2968358993530273
3,5,9,3,river,True,♦10 ♥K,♦2 ♥A ♠K ♥2 ♠5,348,0.03735632183908046,0.159450395390863,806,0,2806,194,0,194,20,214,0,9,0.14878888626759335,196.31537744801398,0,115.99304204858032,-0.7024222274648133,check,0,1.2605926990509033
4,0,9,5,deal,False,♦9 ♦5,,60000,0.12746666666667858,0.3206796599326331,1243,0,3243,0,10,10,34,44,44,1,0.3308986171519098,171.44033226953752,-10,15.634792572786473,-0.33820276569618035,check,0,0.42043304443359375
4,1,9,4,flop,True,♦9 ♦5,♦2 ♥2 ♣7,146,0.06164383561643835,0.24050753241204706,1209,0,3209,44,0,44,20,64,0,9,0.2021102046281455,157.3325997974346,0,23.65580419967943,-0.595779590743709,check,0,1.242908239364624
4,2,9,3,flop,False,♦9 ♦5,♦2 ♥2 ♣7,1012,0.02865612648221344,0.16683810385295328,1209,0,3209,44,0,44,30,74,30,2,0.12609649529724262,93.92184466252247,0,6.063597655011392,-0.7478070094055147,check,0,1.290675163269043
4,3,9,3,turn,True,♦9 ♦5,♦2 ♥2 ♣7 ♣4,168,0.017857142857142856,0.13243211584099399,1179,0,3179,74,0,74,20,94,0,9,0.09253892401309405,103.04510278674853,0,8.31691074800678,-0.8149221519738119,check,0,1.2417452335357666
4,4,9,2,turn,False,♦9 ♦5,♦2 ♥2 ♣7 ♣4,831,0.021660649819494584,0.14557288919607186,1179,0,3179,74,0,74,20,94,20,1,0.10375284161256178,116.24024859762562,0,13.823426365695141,-0.7924943167748765,check,0,1.2727329730987549
4,5,9,2,river,True,♦9 ♦5,♦2 ♥2 ♣7 ♣4 ♣10,256,0.0,0.0,1159,0,3159,94,0,94,20,114,0,9,0.0,-0.0,0,-20.0,-1.0,fold,0,1.2693126201629639
5,0,9,6,deal,False,♥A ♦4,,60000,0.13109259259261005,0.3191262013793272,1159,0,3159,0,0,0,40,40,40,1,0.3352810558937076,169.7307754062785,0,10.292158384056137,-0.3294378882125848,check,0,0.42532896995544434
5,1,9,3,flop,False,♥A ♦4,♥Q ♠K ♠3,844,0.0693127962085308,0.24548498300725163,1119,0,3119,40,0,40,20,60,20,2,0.21704012246011384,165.71323823423393,0,40.77123428883188,-0.5659197550797723,check,0,1.3021371364593506
5,2,9,3,turn,False,♥A ♦4,♥Q ♠K ♠3 ♠10,661,0.020045385779122543,0.11118872643924373,1099,0,3099,60,0,60,23,83,23,2,0.09870013256128535,107.49945618477469,0,11.446346263888586,-0.8025997348774293,check,0,1.2925522327423096
5,3,9,3,river,False,♥A ♦4,♥Q ♠K ♠3 ♠10 ♥6,890,0.0,0.0,1076,0,3076,83,0,83,40,123,40,1,0.0,-0.0,0,-40.0,-1.0,fold,0,1.3122918605804443
6,0,9,8,deal,False,♥4 ♣Q,,60000,0.0974166666666785,0.2802152047815472,1076,0,3076,0,0,0,80,80,80,1,0.2753312458894152,130.32622778622687,0,-5.660563609857888,-0.4493375082211696,fold,0,0.4055819511413574
7,0,9,8,deal,False,♣7 ♣4,,60000,0.1233833333333442,0.3172078540356011,1076,0,3076,0,0,0,80,80,80,1,0.31906497217263163,155.51720031707083,0,-0.23375695684208608,-0.36187005565473673,fold,0,0.41231799125671387
8,0,8,8,deal,False,♠4 ♥6,,60000,0.10539212962962843,0.2852358322571749,1076,0,3076,0,0,0,40,40,40,3,0.289626942602187,138.38940686487112,0,15.029119094415535,-0.42074611479562596,check,0,0.4033219814300537
8,1,8,4,deal,False,♠4 ♥6,,60000,0.10539212962962843,0.2852358322571749,1036,0,3036,0,40,40,92,132,132,1,0.289626942602187,136.58980469497683,0,41.22839359700603,-0.42074611479562596,check,0,0.37274599075317383
8,2,8,4,deal,False,♠4 ♥6,,60000,0.10539212962962843,0.2852358322571749,944,0,2944,0,132,132,2,134,134,2,0.289626942602187,132.45071970421995,0,178.7272121837647,-0.42074611479562596,check,0,0.38367414474487305
8,3,8,4,flop,False,♠4 ♥6,♣2 ♦9 ♥Q,694,0.01729106628242075,0.13035369311698722,942,0,2942,134,0,134,47,181,47,2,0.09210999279071903,61.733109822080436,0,23.648364470481496,-0.815780014418562,check,0,1.2921030521392822
8,4,8,3,turn,False,♠4 ♥6,♣2 ♦9 ♥Q ♦7,757,0.003963011889035667,0.0628275928697179,895,0,2895,181,0,181,44,225,44,2,0.03871029168364093,38.15194324372029,0,-9.199447776406807,-0.9225794166327181,fold,0,1.2937607765197754
9,0,8,7,deal,False,♣A ♥J,,60000,0.1985981481481558,0.3571181604626939,895,0,2895,0,0,0,40,40,40,1,0.4359702819654835,218.107908287262,0,7.956731016203186,-0.12805943606903303,check,0,0.4127650260925293
9,1,8,6,flop,False,♣A ♥J,♣J ♣10 ♠6,460,0.29891304347826086,0.4559973696571237,855,0,2855,40,0,40,40,80,40,1,0.5605680949937548,509.7722613671945,0,150.59315229787663,0.12113618998750963,bet,0,1.2698960304260254
9,2,8,2,turn,True,♣A ♥J,♣J ♣10 ♠6 ♥4,202,0.2747524752475248,0.4337337186932749,815,0,2815,80,0,80,20,100,0,8,0.5204492725385679,690.568805560325,0,167.36173811388443,0.04089854507713575,raise,0,1.2431883811950684
10,0,8,8,deal,False,♣A ♥Q,,60000,0.21093564814815954,0.364151433130936,1155,0,3155,0,0,0,80,80,80,1,0.4516395964955814,249.39079486188135,0,19.3607112290279,-0.09672080700883723,check,0,0.41892385482788086
10,1,8,5,deal,False,♣A ♥Q,,60000,0.21093564814815954,0.364151433130936,1075,0,3075,0,80,80,240,320,320,2,0.4516395964955814,243.06709800325996,0,301.96751579469765,-0.09672080700883723,check,0,0.3930661678314209
10,2,8,4,flop,False,♣A ♥Q,♠A ♥2 ♣5,400,0.28125,0.44330964065763334,835,0,2835,320,0,320,40,360,40,2,0.5370392252526326,474.09110198358763,0,797.7811913941068,0.07407845050526518,raise,0,1.2614169120788574
10,3,8,4,turn,True,♣A ♥Q,♠A ♥2 ♣5 ♦Q,305,0.6295081967213115,0.47781753232286156,755,0,2755,400,0,400,40,440,0,8,0.8940412782044131,2064.3247050993164,0,1569.2743007679437,0.7880825564088263,bet,1360,1.2533760070800781
11,0,8,8,deal,False,♣3 ♠K,,60000,0.11766250000000036,0.2891020804864817,1000,1,2000,0,0,0,40,40,40,1,0.30615421706519064,96.17425296681374,0,-9.384578293480935,-0.3876915658696187,fold,0,0.40222907066345215
12,0,8,3,deal,False,♣3 ♣J,,60000,0.13899768518518585,0.3194969436137871,960,1,1960,0,40,40,960,1000,11110,1,0.33964527020460133,107.00796615799332,-40,3169.067549877338,-0.32070945959079733,check,0,0.3988378047943115
13,0,8,3,deal,False,♦J ♠Q,,60000,0.18425000000000305,0.34875735265690494,2027,1,3027,0,20,20,20,40,40,2,0.40717056452005396,208.22034923184967,-20,28.860467742406477,-0.18565887095989209,check,0,0.4038252830505371
13,1,8,3,flop,True,♦J ♠Q,♦9 ♥2 ♠J,87,0.09770114942528736,0.2820194056640298,2007,1,3007,40,0,40,40,80,0,8,0.2638605936857252,200.02553987758336,0,2.21769498971603,-0.47227881262854965,check,0,1.2396290302276611
13,2,8,2,turn,True,♦J ♠Q,♦9 ♥2 ♠J ♠5,90,0.2,0.4,2007,1,3007,40,0,40,40,80,0,8,0.415838144175234,539.5991514541372,0,26.53410306803744,-0.16832371164953197,check,0,1.2436110973358154
13,3,8,2,river,True,♦J ♠Q,♦9 ♥2 ♠J ♠5 ♣2,92,0.2608695652173913,0.4201336541323411,2007,1,3007,40,0,40,40,80,0,8,0.5208560234967626,960.8386392457209,0,43.33696375948202,0.041712046993525265,check,0,1.2414491176605225
13,4,8,2,river,False,♦J ♠Q,♦9 ♥2 ♠J ♠5 ♣2,479,0.2640918580375783,0.4318779208699618,2007,1,3007,40,0,40,84,124,84,1,0.5251082534976202,972.4799724876347,0,67.23117700731464,0.050216506995240495,bet,0,1.2483346462249756
14,0,8,7,deal,False,♠A ♣5,,60000,0.14892546296296472,0.3189879969295841,1923,1,2923,0,0,0,464,464,464,1,0.3518540043326568,166.7601575382844,0,46.89201429101763,-0.2962919913346864,check,0,0.42910099029541016
14,1,8,7,deal,False,♠A ♣5,,60000,0.14892546296296472,0.3189879969295841,1459,1,2459,0,464,464,476,940,940,1,0.3518540043326568,140.28848011859097,0,1165.0470762075113,-0.2962919913346864,check,0,0.390153169631958
14,2,8,7,deal,False,♠A ♣5,,60000,0.14892546296296472,0.3189879969295841,983,1,1983,0,940,940,58,998,998,1,0.3518540043326568,113.13219035183647,0,2243.8288963442405,-0.2962919913346864,check,0,0.3714292049407959
14,3,8,7,deal,False,♠A ♣5,,60000,0.14892546296296472,0.3189879969295841,925,1,1925,0,998,998,57,1055,1055,1,0.3518540043326568,109.82323067437478,0,2346.162849592046,-0.2962919913346864,check,0,0.40438222885131836
14,4,8,6,flop,True,♠A ♣5,♠Q ♣K ♠7,322,0.12111801242236025,0.31823333585965535,868,1,1868,1055,0,1055,40,1095,0,8,0.30257511202106996,146.1733897822715,0,2056.5429511939938,-0.3948497759578601,check,0,1.2562639713287354
14,5,8,6,turn,True,♠A ♣5,♠Q ♣K ♠7 ♠2,271,0.21033210332103322,0.4075444879195196,868,1,1868,1055,0,1055,40,1095,0,8,0.42908258897581864,349.5085432992091,0,2933.1132590134475,-0.14183482204836273,check,0,1.254828929901123
14,6,8,6,river,True,♠A ♣5,♠Q ♣K ♠7 ♠2 ♣Q,721,0.0,0.0,868,1,1868,1055,0,1055,40,1095,0,8,0.0,-0.0,0,-40.0,-1.0,fold,0,1.3026061058044434
15,0,6,5,deal,False,♦10 ♠10,,60000,0.30259510582007626,0.35512843081841344,868,1,1868,0,0,0,124,124,124,1,0.5621456196275258,202.96577840151025,0,83.99387926218458,0.1242912392550517,raise,0,0.3786470890045166
15,1,6,4,flop,False,♦10 ♠10,♠J ♥2 ♦K,437,0.08352402745995423,0.2643359034733866,620,1,1620,248,0,248,40,288,40,3,0.23639930484178084,94.87828477714962,0,261.6455129781124,-0.5272013903164383,check,0,1.260685682296753
15,2,6,4,turn,False,♦10 ♠10,♠J ♥2 ♦K ♣3,515,0.07281553398058252,0.2570157997324163,580,1,1580,288,0,288,145,433,145,2,0.211522979269035,125.34170313808445,0,225.37673670008024,-0.5769540414619301,check,0,1.278120756149292
15,3,6,4,river,False,♦10 ♠10,♠J ♥2 ♦K ♣3 ♥7,575,0.020869565217391306,0.14294763539502273,435,1,1435,433,0,433,148,581,148,1,0.10518345605720801,69.26170280484436,0,86.76947391968827,-0.789633087885584,check,0,1.2802820205688477
15,4,6,4,river,False,♦10 ♠10,♠J ♥2 ♦K ♣3 ♥7,1484,0.03099730458221024,0.17331033347970895,287,1,1287,433,148,581,287,868,6291,2,0.1332198317197889,79.91116048881636,0,1714.0950922629493,-0.7335603365604222,check,0,1.2951328754425049
16,0,6,6,deal,False,♠A ♠10,,60000,0.2831261904761811,0.3774465241546037,1000,2,1000,0,0,0,160,160,160,1,0.5354158244940845,100.85809201944248,0,86.2912792672789,0.07083164898816907,raise,0,0.3818018436431885
16,1,6,5,deal,False,♠A ♠10,,60000,0.2831261904761811,0.3774465241546037,680,2,680,0,320,320,320,640,640,4,0.5354158244940845,68.58350257322088,0,1436.1639043405974,0.07083164898816907,check,0,0.3740499019622803
16,2,6,4,flop,False,♠A ♠10,♣5 ♣10 ♦Q,420,0.14642857142857144,0.35100075585708485,360,2,360,640,0,640,128,768,128,2,0.3404467696941139,32.53502668813169,0,1119.3969641592334,-0.31910646061177217,check,0,1.264394998550415
16,3,6,4,turn,True,♠A ♠10,♣5 ♣10 ♦Q ♦6,357,0.18487394957983194,0.3881952760487764,232,2,232,768,0,768,40,808,0,6,0.39093899513197283,38.399341905438305,0,1458.0782293457198,-0.21812200973605433,check,0,1.256296157836914
16,4,6,3,river,False,♠A ♠10,♣5 ♣10 ♦Q ♦6 ♠4,359,0.06824512534818941,0.24798909597832852,232,2,232,768,0,768,141,909,141,1,0.21662571566344943,24.599119859158503,0,760.8128543069399,-0.5667485686731011,check,0,1.2581119537353516
17,0,6,6,deal,False,♠Q ♠7,,60000,0.20312314814813678,0.3400886898100392,4254,2,4254,0,0,0,80,80,80,1,0.42641264663027584,311.0900058541127,0,13.81078225866068,-0.14717470673944832,check,0,0.3971860408782959
17,1,6,4,deal,False,♠Q ♠7,,60000,0.20312314814813678,0.3400886898100392,4174,2,4174,0,80,80,75,155,155,3,0.42641264663027584,305.2397001492869,0,189.37584091077105,-0.14717470673944832,check,0,0.35457468032836914
17,2,6,3,flop,False,♠Q ♠7,♠5 ♠K ♦6,649,0.32973805855161786,0.461573293969813,4099,2,4099,155,0,155,80,235,80,1,0.5859123259575765,784.7693244882374,0,400.4481072852127,0.17182465191515295,bet,0,1.2835938930511475
17,3,6,3,flop,False,♠Q ♠7,♠5 ♠K ♦6,1264,0.3045886075949367,0.45213982513553114,4019,2,4019,155,80,235,268,503,348,1,0.555376411766076,707.3590728036154,0,559.5108535314532,0.11075282353215199,check,0,1.2673399448394775
17,4,6,3,turn,False,♠Q ♠7,♠5 ♠K ♦6 ♥J,547,0.17184643510054845,0.3772469189321252,3751,2,3751,503,0,503,204,707,204,1,0.37093358353595857,580.378184537782,0,602.4096106071739,-0.25813283292808287,check,0,1.2706120014190674
17,5,6,3,river,False,♠Q ♠7,♠5 ♠K ♦6 ♥J ♠3,497,0.9456740442655935,0.22665975881913786,3547,2,3547,707,0,707,40,747,40,1,1.0786905416134331,,0,2501.3949160412485,1.1573810832268663,check,0,1.273557186126709
18,0,6,6,deal,False,♣10 ♣3,,60000,0.16588068783068743,0.3200407849575436,5903,2,5903,0,0,0,80,80,80,1,0.3704661132249233,359.39999965892144,0,-5.906777355015336,-0.2590677735501534,fold,0,0.4023909568786621
19,0,6,4,deal,False,♦7 ♠6,,60000,0.1558227513227553,0.306818308287931,5823,2,5823,0,80,80,424,504,504,1,0.35348728768157484,334.14108017024733,-80,124.6122704818041,-0.29302542463685033,check,0,0.3763010501861572
19,1,6,3,flop,True,♦7 ♠6,♠8 ♠J ♣K,151,0.029801324503311258,0.15474597941123072,5399,2,5399,504,0,504,80,584,0,6,0.12108345452763943,151.31334561008686,0,148.12122833007268,-0.7578330909447212,check,0,1.250321865081787
19,2,6,3,turn,True,♦7 ♠6,♠8 ♠J ♣K ♥2,142,0.0,0.0,5399,2,5399,504,0,504,80,584,0,6,0.0,-0.0,0,-80.0,-1.0,fold,0,1.2919361591339111
20,0,6,5,deal,False,♠10 ♠5,,60000,0.1751075396825359,0.326272468008342,5359,2,5359,0,40,40,5359,5399,9745,1,0.38033943218254934,337.42421676962925,-40,473.1248530872117,-0.23932113563490132,check,0,0.3800199031829834
