﻿round_id,turn,N,Nnf,roundName,first,hole,board,Nsim,prWin,prWinStd,chips,reld,chips_total,pot,bet,cost_on_table,cost_to_call,cost_total,maxBet_all,N_maxBet_all,prWin_adj,limitBet,util_fold,util_call,util_raise_coeff,action,amount,cputime
1,0,9,7,deal,False,♠6 ♥6,,60000,0.1459574074074204,0.34043154124297537,1000,0,3000,0,0,0,20,20,20,1,0.3330810681103316,159.88369170802582,0,-3.3459465944834186,-0.3338378637793368,fold,0,0.414959192276001
2,0,9,9,deal,False,♣6 ♦J,,60000,0.09571851851852976,0.27868843392907194,1000,0,3000,0,0,0,40,40,40,1,0.25311810414678915,115.18956302233477,0,-12.157008543853195,-0.4937637917064217,fold,0,0.4343249797821045
3,0,9,9,deal,False,♥4 ♥6,,60000,0.13239629629630711,0.32793180417905793,1000,0,3000,0,0,0,20,20,20,1,0.31541369427803545,149.56403865094182,0,-4.2293152860982275,-0.3691726114439291,fold,0,0.43826985359191895
4,0,9,6,deal,False,♠9 ♥K,,60000,0.1387574074074267,0.3263304649996507,980,0,2980,0,20,20,200,220,220,1,0.32716020201499163,155.35248660297327,-20,25.740539390344225,-0.34567959597001674,check,0,0.41734981536865234
4,1,9,5,flop,True,♠9 ♥K,♦Q ♦2 ♠7,106,0.15566037735849056,0.35263969229369185,780,0,2780,220,0,220,20,240,0,9,0.3382231891564346,249.21095233093297,0,399.39675455397895,-0.32355362168713075,check,0,1.247182846069336
4,2,9,4,flop,False,♠9 ♥K,♦Q ♦2 ♠7,1030,0.07864077669902912,0.26645842876439646,780,0,2780,220,0,220,20,240,20,3,0.21419188801496497,145.51005420047565,0,258.44945441945447,-0.5716162239700701,check,0,1.3151161670684814
4,3,9,4,turn,True,♠9 ♥K,♦Q ♦2 ♠7 ♥2,134,0.0,0.0,760,0,2760,240,0,240,20,260,0,9,0.0,-0.0,0,-20.0,-1.0,fold,0,1.2491099834442139
5,0,9,6,deal,False,♥A ♥8,,60000,0.18081851851853972,0.36754149452491186,750,0,2750,0,10,10,120,130,130,1,0.3924957787958032,180.31930213424226,-10,31.110874836384227,-0.21500844240839356,check,0,0.426375150680542
5,1,9,4,flop,True,♥A ♥8,♦9 ♣K ♦4,108,0.013888888888888888,0.08216777476527244,630,0,2630,130,0,130,20,150,0,9,0.07389220983370116,43.84007834013546,0,22.857481703546675,-0.8522155803325977,check,0,1.3032798767089844
5,2,9,2,turn,True,♥A ♥8,♦9 ♣K ♦4 ♦7,93,0.0,0.0,630,0,2630,130,0,130,20,150,0,9,0.0,-0.0,0,-20.0,-1.0,fold,0,1.328380823135376
6,0,9,6,deal,False,♣9 ♦J,,60000,0.13762222222223966,0.32727484272083335,630,0,2630,0,0,0,630,630,946,1,0.3288214107139611,137.96173117237822,0,60.19614108860435,-0.3423571785720778,check,0,0.40661096572875977
7,0,9,7,deal,False,♣J ♣9,,60000,0.1757759259259451,0.36459840116301034,1000,1,2000,0,0,0,96,96,96,1,0.3889283970221108,129.60069925430733,0,27.679230253031236,-0.2221432059557784,check,0,0.4160149097442627
7,1,9,6,deal,False,♣J ♣9,,60000,0.1757759259259451,0.36459840116301034,904,1,1904,0,96,96,148,244,244,1,0.3889283970221108,123.37986569010059,0,219.92626358291682,-0.2221432059557784,check,0,0.4436490535736084
7,2,9,5,flop,False,♣J ♣9,♥8 ♠3 ♦6,829,0.09167671893848009,0.2811585744406784,756,1,1756,244,0,244,72,316,72,2,0.23962654061231842,104.45833830686804,0,349.2634583964558,-0.5207469187753632,check,0,1.3082208633422852
7,3,9,4,flop,False,♣J ♣9,♥8 ♠3 ♦6,1702,0.09341950646298472,0.2838652740554267,684,1,1684,244,72,316,488,804,560,2,0.24262563498074213,101.62047362679984,0,371.8652503717501,-0.5147487300385157,check,0,1.2885019779205322
7,4,9,3,flop,False,♣J ♣9,♥8 ♠3 ♦6,2558,0.0856137607505864,0.27164010189087695,196,1,1196,244,560,804,196,1000,1120,1,0.22906401440744295,67.56304580406217,0,898.0097328099475,-0.5418719711851141,check,0,1.2918310165405273
8,0,9,9,deal,False,♥2 ♦10,,60000,0.07997222222222948,0.258347073489771,1000,2,1000,0,0,0,272,272,272,1,0.23322857990553425,34.938817012115486,0,-82.61839311670619,-0.5335428401889315,fold,0,0.47702980041503906
9,0,8,6,deal,False,♦10 ♦A,,60000,0.2260666666666722,0.3816356577266094,1000,2,1000,0,0,0,40,40,40,1,0.46448788182170203,82.16547482661093,0,6.448788182170205,-0.07102423635659594,check,0,0.4697840213775635
9,1,8,4,deal,False,♦10 ♦A,,60000,0.2260666666666722,0.3816356577266094,960,2,960,0,40,40,40,80,80,1,0.46448788182170203,78.8788558335465,0,71.47709163720849,-0.07102423635659594,check,0,0.3948848247528076
9,2,8,3,flop,True,♦10 ♦A,♣A ♦8 ♥5,195,0.4076923076923077,0.48747629285399563,920,2,920,80,0,80,40,120,0,8,0.6605637962619247,215.85124565170025,0,171.3804148038159,0.3211275925238495,raise,0,1.249561071395874
9,3,8,2,turn,True,♦10 ♦A,♣A ♦8 ♥5 ♣K,218,0.268348623853211,0.4392007205786687,880,2,880,120,0,120,40,160,0,8,0.49862916775764193,202.80856231232502,0,159.45166710305676,-0.002741664484716133,check,0,1.2442550659179688
9,4,8,2,river,True,♦10 ♦A,♣A ♦8 ♥5 ♣K ♦J,194,0.43556701030927836,0.4839942682462113,880,2,880,120,0,120,40,160,0,8,0.6960299606813394,455.1089138974251,0,238.41198427253573,0.39205992136267875,bet,120,1.2465479373931885
10,0,8,8,deal,False,♠K ♦Q,,60000,0.20383750000000875,0.36108282026239463,1240,2,1240,0,0,0,80,80,80,1,0.4354760009976524,93.27810192959774,0,15.804720219483528,-0.12904799800469524,check,0,0.40515995025634766
10,1,8,5,flop,True,♠K ♦Q,♣5 ♣A ♦7,788,0.0399746192893401,0.193455091564596,1160,2,1160,80,0,80,40,120,0,8,0.14108417310392532,38.30864887697334,0,22.077036165727144,-0.7178316537921494,check,0,1.2973089218139648
10,2,8,4,turn,True,♠K ♦Q,♣5 ♣A ♦7 ♥4,827,0.007255139056831923,0.08486755572124104,1160,2,1160,80,0,80,40,120,0,8,0.051712660706576916,20.560367899768238,0,-17.246429289106157,-0.8965746785868461,fold,0,1.3005168437957764
11,0,8,8,deal,False,♣3 ♠7,,60000,0.08258796296296278,0.2515695794919438,1160,2,1160,0,0,0,40,40,40,1,0.23948525569058912,41.77942636153188,0,-16.051474430941088,-0.5210294886188218,fold,0,0.39917993545532227
12,0,8,3,deal,False,♠7 ♣Q,,60000,0.12146342592592455,0.29300545237017583,1120,2,1120,0,40,40,0,40,40,3,0.3060291853996836,53.83103127786554,-40,36.72350224796203,-0.3879416292006328,check,0,0.3976449966430664
12,1,8,3,flop,False,♠7 ♣Q,♣10 ♣K ♦9,339,0.12094395280235988,0.3058329918178826,1120,2,1120,40,0,40,40,80,40,1,0.28962074529234266,83.16544868754869,0,17.92414905846853,-0.4207585094153147,check,0,1.2639517784118652
12,2,8,3,turn,True,♠7 ♣Q,♣10 ♣K ♦9 ♥7,354,0.067090395480226,0.23224587051448306,1080,2,1080,80,0,80,40,120,0,8,0.19996723396056848,80.4313537291162,0,15.990825508959176,-0.600065532078863,check,0,1.2583072185516357
12,3,8,3,river,True,♠7 ♣Q,♣10 ♣K ♦9 ♥7 ♦6,624,0.0,0.0,1080,2,1080,80,0,80,40,120,0,8,0.0,-0.0,0,-40.0,-1.0,fold,0,1.2905032634735107
13,0,8,6,deal,False,♠9 ♣4,,60000,0.08695138888888869,0.2551695827415458,1060,2,1060,0,20,20,140,160,160,1,0.2447391227208931,39.14450706021747,-20,-12.735656185135582,-0.5105217545582138,check,0,0.40308499336242676
13,1,8,4,deal,False,♠9 ♣4,,60000,0.08695138888888869,0.2551695827415458,920,2,920,0,160,160,3,163,163,2,0.2447391227208931,33.97447782584913,0,185.2043853723668,-0.5105217545582138,check,0,0.38188910484313965
13,2,8,4,flop,True,♠9 ♣4,♥10 ♠5 ♥K,140,0.025,0.14729707590929483,917,2,917,163,0,163,40,203,0,8,0.10572961890340374,22.251533727225095,0,45.85245054956384,-0.7885407621931926,check,0,1.2551558017730713
13,3,8,3,flop,False,♠9 ♣4,♥10 ♠5 ♥K,980,0.013010204081632653,0.11075630492008202,917,2,917,163,0,163,40,203,40,2,0.07160499056363183,14.794512460291214,0,23.87165158275959,-0.8567900188727363,check,0,1.2914228439331055
13,4,8,3,turn,True,♠9 ♣4,♥10 ♠5 ♥K ♦7,179,0.0,0.0,877,2,877,203,0,203,40,243,0,8,0.0,-0.0,0,-40.0,-1.0,fold,0,1.2492332458496094
14,0,8,6,deal,False,♦10 ♥10,,60000,0.2215268518518389,0.368909749143244,877,2,877,0,0,0,160,160,160,1,0.45200406263820575,69.4002399780366,0,84.0821938246311,-0.0959918747235885,check,0,0.40578198432922363
14,1,8,6,deal,False,♦10 ♥10,,60000,0.2215268518518389,0.368909749143244,717,2,717,0,160,160,160,320,320,3,0.45200406263820575,56.73885070040164,0,563.2065002211292,-0.0959918747235885,check,0,0.37610507011413574
14,2,8,4,flop,False,♦10 ♥10,♣6 ♥9 ♠10,650,0.6492307692307693,0.477210831304983,557,2,557,320,0,320,218,538,218,3,0.8956505379990639,273.35047531848653,0,2282.6563020933863,0.7913010759981278,bet,2254,1.2888739109039307
15,0,8,6,deal,False,♦4 ♦9,,60000,0.12675694444444455,0.3087617044073444,4025,2,4025,0,0,0,80,80,80,1,0.3097422184354537,196.29614780218913,0,0.532976793217955,-0.3805155631290926,check,0,0.40857410430908203
15,1,8,3,flop,False,♦4 ♦9,♣J ♣10 ♠8,547,0.08363802559414991,0.2253860642983025,3945,2,3945,80,0,80,50,130,50,1,0.22627854806670894,219.7668013022274,0,72.19041595602283,-0.5474429038665821,check,0,1.287956953048706
15,2,8,3,flop,False,♦4 ♦9,♣J ♣10 ♠8,1209,0.07471739729804246,0.21018831503188276,3895,2,3895,80,50,130,380,510,430,1,0.21019127789615305,199.57605013488444,0,-61.560213987328154,-0.5796174442076939,fold,0,1.2763359546661377
16,0,7,5,deal,False,♦8 ♣5,,60000,0.1180251984126719,0.2827210790109315,3895,2,3895,0,0,0,80,80,80,1,0.29386288468644334,178.30107378237156,0,-15.35016536898246,-0.4122742306271133,fold,0,0.4058239459991455
17,0,7,6,deal,False,♥Q ♦6,,60000,0.13695595238091499,0.29334369692484663,3895,2,3895,0,0,0,160,160,160,1,0.32260840747592134,199.59799570936767,0,-18.052300710594608,-0.3547831850481573,fold,0,0.3994102478027344
18,0,7,7,deal,False,♦6 ♦K,,60000,0.19012698412698828,0.3454845814626473,3895,2,3895,0,0,0,160,160,160,1,0.4039856466494095,265.18240732023713,0,17.75368452574017,-0.192028706701181,check,0,0.4136641025543213
18,1,7,6,deal,False,♦6 ♦K,,60000,0.19012698412698828,0.3454845814626473,3735,2,3735,0,160,160,112,272,272,2,0.4039856466494095,254.2891633738346,0,477.01107281483905,-0.192028706701181,check,0,0.3757340908050537
18,2,7,6,deal,False,♦6 ♦K,,60000,0.19012698412698828,0.3454845814626473,3623,2,3623,0,272,272,50,322,322,2,0.4039856466494095,246.66389261135282,0,702.2212740612005,-0.192028706701181,check,0,0.37314486503601074
18,3,7,6,flop,True,♦6 ♦K,♠2 ♦4 ♣J,352,0.05965909090909091,0.23685414030789442,3573,2,3573,322,0,322,80,402,0,7,0.18061059344420838,154.54949884681741,0,288.80683181307353,-0.6387788131115832,check,0,1.2602038383483887
18,4,7,4,turn,True,♦6 ♦K,♠2 ♦4 ♣J ♠6,271,0.11070110701107011,0.31376164825802677,3573,2,3573,322,0,322,80,402,0,7,0.28140762778352135,394.13976736848775,0,494.63437593395065,-0.4371847444329573,check,0,1.2487118244171143
18,5,7,4,river,True,♦6 ♦K,♠2 ♦4 ♣J ♠6 ♥9,381,0.03543307086614173,0.17946883968569263,3573,2,3573,322,0,322,80,402,0,7,0.13901221706685074,232.25575817753,0,203.8629472505092,-0.7219755658662985,check,0,1.262402057647705
19,0,7,7,deal,False,♥7 ♦A,,60000,0.1701994047618941,0.31812105386840484,3573,2,3573,0,0,0,80,80,80,1,0.3768937422088325,222.3637991015131,0,-4.62125155823351,-0.24621251558233503,fold,0,0.4179668426513672
20,0,7,5,deal,False,♥Q ♦Q,,60000,0.3305581349206049,0.3833737514920001,3493,2,3493,0,80,80,240,320,320,1,0.5916379774568512,411.5741473873642,-80,327.9724583585771,0.1832759549137024,bet,0,0.39601993560791016
20,1,7,5,flop,True,♥Q ♦Q,♥2 ♦10 ♦9,239,0.20502092050209206,0.4002473514960803,3253,2,3253,320,0,320,80,400,0,7,0.4109501010927736,373.84763245855606,0,610.3961698358596,-0.17809979781445284,check,0,1.247025728225708
20,2,7,3,flop,False,♥Q ♦Q,♥2 ♦10 ♦9,958,0.23068893528183715,0.4204469719195176,3253,2,3253,320,0,320,80,400,80,2,0.44557355074876703,416.637830971014,0,739.8553333777313,-0.10885289850246593,check,0,1.2745323181152344
20,3,7,3,turn,True,♥Q ♦Q,♥2 ♦10 ♦9 ♣6,243,0.1728395061728395,0.3781084649657667,3173,2,3173,400,0,400,80,480,0,7,0.37934674553370995,505.20741856403765,0,648.3457514247231,-0.2413065089325801,check,0,1.2495710849761963
20,4,7,3,river,True,♥Q ♦Q,♥2 ♦10 ♦9 ♣6 ♦J,293,0.16382252559726962,0.37011444946692046,3173,2,3173,400,0,400,80,480,0,7,0.3733273604351582,643.9897513963593,0,636.7885320355037,-0.25334527912968363,check,0,1.2508459091186523
21,0,7,5,deal,False,♠4 ♥J,,60000,0.11902599206346456,0.27890160556313504,4973,2,4973,0,40,40,131,171,171,1,0.3003646843902703,233.7006694772285,-40,67.84142106635895,-0.3992706312194594,check,0,0.39452695846557617
21,1,7,4,flop,True,♠4 ♥J,♥6 ♠7 ♦8,134,0.033582089552238806,0.16388202429849066,4842,2,4842,171,0,171,80,251,0,7,0.12556258096114678,141.07473565227954,0,25.974818331207885,-0.7488748380777064,check,0,1.2445368766784668
21,2,7,3,turn,True,♠4 ♥J,♥6 ♠7 ♦8 ♣9,143,0.027972027972027972,0.15009193503035198,4842,2,4842,171,0,171,80,251,0,7,0.11818486522590234,203.28655860128111,0,19.748026250661567,-0.7636302695481954,check,0,1.2588450908660889
21,3,7,3,river,True,♠4 ♥J,♥6 ♠7 ♦8 ♣9 ♦10,74,0.5912162162162162,0.3073086573922145,4842,2,4842,171,0,171,80,251,0,7,0.8707741141748376,4302.845634438818,0,654.933352363563,0.7415482283496753,allin,0,1.2363548278808594
22,0,7,5,deal,False,♦5 ♦3,,60000,0.14912261904760074,0.32559788793959243,5224,2,5224,0,0,0,380,380,380,1,0.3468187790904093,292.7159110068105,0,-8.903906373262032,-0.3063624418191814,fold,0,0.3945608139038086
23,0,7,7,deal,False,♦2 ♠2,,60000,0.14526845238093483,0.3283799918303511,5224,2,5224,0,0,0,320,320,320,1,0.3425963772502203,288.2873367812054,0,22.596377250220314,-0.3148072454995594,check,0,0.3829996585845947
23,1,7,4,flop,False,♦2 ♠2,♣2 ♠J ♠7,520,0.7,0.45825756949558394,4904,2,4904,320,0,320,114,434,114,3,0.9341538514405687,2896.9635143669584,0,1881.3526266770548,0.8683077028811375,allin,0,1.2742571830749512
24,0,6,6,deal,False,♠10 ♥6,,60000,0.14865727513228177,0.29346329040224284,10674,2,10674,0,0,0,320,320,320,1,0.3460987023441523,596.5479829572706,0,-15.43314193714599,-0.3078025953116954,fold,0,0.39730405807495117
25,0,6,6,deal,False,♣Q ♥2,,60000,0.14013650793651755,0.28377064815795583,10674,2,10674,0,0,0,160,160,160,1,0.3310572396333726,564.6111260203207,0,-45.45419508685309,-0.33788552073325484,fold,0,0.3978092670440674
26,0,6,4,deal,False,♥Q ♦7,,60000,0.16613068783068705,0.3026170498392896,10514,2,10514,0,160,160,0,160,160,4,0.3727005265261498,645.0558347732266,-160,238.5283369767359,-0.25459894694770036,check,0,0.3923928737640381
26,1,6,4,flop,True,♥Q ♦7,♣K ♠2 ♣10,452,0.00331858407079646,0.040599002883855255,10514,2,10514,160,0,160,160,320,0,6,0.032664045371334875,75.81997493573022,0,-133.86876370293209,-0.9346719092573302,fold,0,1.2757959365844727
27,0,6,6,deal,False,♥Q ♦7,,60000,0.16613068783068705,0.3026170498392896,10434,2,10434,0,80,80,560,640,640,1,0.3708395369883528,636.0812568631135,-80,171.29556694103178,-0.2583209260232944,check,0,0.3863537311553955
27,1,6,6,flop,True,♥Q ♦7,♣4 ♥6 ♣2,135,0.022222222222222223,0.14740554623801777,9874,2,9874,640,0,640,160,800,0,6,0.09735903411356606,219.62224821855307,0,172.18902439548737,-0.8052819317728679,check,0,1.2518057823181152
27,2,6,4,turn,True,♥Q ♦7,♣4 ♥6 ♣2 ♥3,124,0.06854838709677419,0.24041863202844907,9874,2,9874,640,0,640,160,800,0,6,0.20777194185014422,767.6632626219398,0,548.9178655926921,-0.5844561162997115,check,0,1.2561068534851074
27,3,6,4,turn,False,♥Q ♦7,♣4 ♥6 ♣2 ♥3,952,0.03203781512605042,0.14472341523525203,9874,2,9874,640,0,640,160,800,160,1,0.12906525882445352,455.4714667919606,0,301.021104520948,-0.741869482351093,check,0,1.2900607585906982
27,4,6,3,river,True,♥Q ♦7,♣4 ♥6 ♣2 ♥3 ♣K,146,0.0,0.0,9714,2,9714,800,0,800,160,960,0,6,0.0,-0.0,0,-160.0,-1.0,fold,0,1.2500250339508057
28,0,6,5,deal,False,♠8 ♠2,,60000,0.14611335978836415,0.3055919164409417,9714,2,9714,0,0,0,320,320,320,1,0.3386181652671467,528.3583377540646,0,8.798238474399454,-0.32276366946570656,check,0,0.39954686164855957
28,1,6,5,flop,False,♠8 ♠2,♥7 ♠J ♥3,784,0.05739795918367347,0.23260144768513982,9394,2,9394,320,0,320,170,490,170,3,0.17573526545272014,394.2346193166797,0,190.433029443529,-0.6485294690945598,check,0,1.301259994506836
28,2,6,4,turn,False,♠8 ♠2,♥7 ♠J ♥3 ♦K,968,0.0,0.0,9224,2,9224,490,0,490,510,1000,510,1,0.0,-0.0,0,-510.0,-1.0,fold,0,1.3578929901123047
29,0,6,5,deal,False,♠8 ♦10,,60000,0.18587962962962298,0.3237717976039538,9224,2,9224,0,0,0,320,320,320,1,0.3959447608984721,611.7329842980448,0,28.431389590655442,-0.20811047820305584,check,0,0.38274717330932617
29,1,6,3,flop,True,♠8 ♦10,♠2 ♥J ♠5,733,0.023874488403819918,0.14926923610413523,8904,2,8904,320,0,320,160,480,0,6,0.10133017428702112,206.57208857649496,0,-14.084549026689587,-0.7973396514259578,fold,0,1.2993543148040771
30,0,6,5,deal,False,♥4 ♥2,,60000,0.148302910052912,0.31333548633177594,8904,2,8904,0,0,0,320,320,320,1,0.33844190773674887,483.9891347233535,0,-49.24647381060089,-0.32311618452650226,fold,0,0.41959595680236816
31,0,6,6,deal,False,♥8 ♥4,,60000,0.16243121693121598,0.31897875506473033,8904,2,8904,0,0,0,320,320,320,1,0.35791955740275566,518.9966806873572,0,-33.66435407779545,-0.2841608851944887,fold,0,0.38507795333862305
32,0,6,5,deal,False,♣10 ♥5,,60000,0.13615793650795002,0.28287570695098446,8584,2,8584,0,320,320,2240,2560,2560,1,0.31963950172600647,434.9453499997712,-320,112.54673270340754,-0.36072099654798706,check,0,0.3773171901702881
32,1,6,5,flop,True,♣10 ♥5,♠3 ♦Q ♦A,430,0.013953488372093023,0.1013430631139578,6344,2,6344,2560,0,2560,320,2880,0,6,0.07286283230386306,104.21925828430145,0,559.527248739931,-0.8542743353922739,check,0,1.2666351795196533
32,2,6,4,turn,False,♣10 ♥5,♠3 ♦Q ♦A ♣7,522,0.0,0.0,6344,2,6344,2560,0,2560,136,2696,136,1,0.0,-0.0,0,-136.0,-1.0,fold,0,1.279203176498413
