﻿round_id,turn,N,Nnf,roundName,first,hole,board,Nsim,prWin,prWinStd,chips,reld,chips_total,pot,bet,cost_on_table,cost_to_call,cost_total,maxBet_all,N_maxBet_all,util_fold,util_call,N_canraise,util_raise_coeff,util_call2,util_raise_coeff2,limitRoundBet,limitBet,gamble,gamble_tol,action,amount,cputime
1,0,7,6,deal,False,♣Q ♠5,,20000,0.1320541666666681,0.28893714005419835,1000,0,3000,0,0,0,20,20,20,2,0,1.1286666666668985,5,-0.2076749999999914,-8.11512499999987,-0.7358916666666637,184.52213213805516,184.52213213805516,False,300,call,0,0.2165508270263672
1,1,7,5,flop,False,♣Q ♠5,♦4 ♥K ♦9,569,0.03954305799648506,0.18445893516206577,980,0,2980,20,0,20,20,40,20,3,-20,-22.524897480960753,4,-0.8022847100175747,-24.897480960749856,-0.9209138840070299,52.21585832586173,32.21585832586173,False,298,fold,0,1.263472080230713
2,0,7,7,deal,False,♠7 ♥3,,20000,0.12179523809523878,0.2842795182674534,980,0,2980,0,0,0,20,20,20,2,0,-0.5127619047617991,6,-0.14743333333332853,-9.038428571428513,-0.7564095238095224,168.08455278160207,168.08455278160207,False,298,fold,0,0.20946693420410156
3,0,7,7,deal,False,♦4 ♠A,,20000,0.16825059523809976,0.321120890647085,980,0,2980,0,0,0,20,20,20,1,0,6.920095238095961,6,0.1777541666666984,-8.22245833333302,-0.6634988095238005,238.4223537551555,238.4223537551555,True,298,bet,214,0.2253129482269287
3,1,7,3,flop,False,♦4 ♠A,♠2 ♠5 ♠7,327,0.42660550458715596,0.4922597587264702,766,0,2766,214,0,214,20,234,20,2,-214,281.2354740061162,2,0.2798165137614679,247.10703363914374,-0.14678899082568808,668.1175653300529,454.1175653300529,True,276,bet,408,1.2462189197540283
3,2,7,3,turn,False,♦4 ♠A,♠2 ♠5 ♠7 ♥6,327,0.2415902140672783,0.42023623188298753,358,0,2358,622,0,622,20,642,20,2,-622,312.21814475025485,2,-0.27522935779816515,292.8909276248726,-0.5168195718654434,283.1865373847367,-338.8134626152633,True,235,call,0,1.2521138191223145
3,3,7,3,river,False,♦4 ♠A,♠2 ♠5 ♠7 ♥6 ♦10,513,0.0,0.0,338,0,2338,642,0,642,20,662,20,2,-642,-234.0,2,-1.0,-234.0,-1.0,-0.0,-642.0,True,233,fold,0,1.266261100769043
4,0,7,6,deal,False,♠7 ♣K,,20000,0.1580577380952423,0.3098468723076312,318,0,2318,0,20,20,0,20,20,6,-20,5.289238095238765,5,-0.05165357142854621,2.1280833333339224,-0.6838845238095155,173.19560589690715,153.19560589690715,False,231,check,0,0.21691513061523438
4,1,7,6,flop,True,♠7 ♣K,♦3 ♠9 ♣10,294,0.06972789115646258,0.23440409004686794,318,0,2318,20,0,20,20,40,0,7,-20,-5.74263038548753,5,-0.5816326530612246,-5.74263038548753,-0.8605442176870748,72.76201940359651,52.76201940359651,False,231,fold,0,1.2490990161895752
5,0,7,4,deal,False,♦9 ♦J,,20000,0.20386250000000722,0.35426368010426457,308,0,2308,0,10,10,10,20,20,3,-10,12.618000000001155,3,-0.18454999999997113,0.38625000000071985,-0.5922749999999856,228.519509697286,218.519509697286,False,230,call,0,0.22005510330200195
5,1,7,4,flop,True,♦9 ♦J,♣10 ♠J ♠10,107,0.1822429906542056,0.3768569187599243,298,0,2298,20,0,20,20,40,0,7,-20,10.046728971962615,3,-0.2710280373831776,10.046728971962615,-0.6355140186915889,200.7894152753359,180.7894152753359,False,229,call,0,1.2309670448303223
5,2,7,2,turn,True,♦9 ♦J,♣10 ♠J ♠10 ♦5,116,0.20689655172413793,0.40508069394726665,278,0,2278,40,0,40,20,60,0,7,-40,18.39080459770115,1,-0.5862068965517242,18.39080459770115,-0.5862068965517242,229.32662876574537,189.32662876574537,False,227,call,0,1.2266349792480469
5,3,7,2,river,True,♦9 ♦J,♣10 ♠J ♠10 ♦5 ♦8,139,0.17266187050359713,0.3779546916996747,258,0,2258,60,0,60,20,80,0,7,-60,17.29016786570744,1,-0.6546762589928057,17.29016786570744,-0.6546762589928057,185.87169545529156,125.87169545529156,True,225,call,0,1.239881992340088
6,0,7,5,deal,False,♦8 ♣3,,20000,0.12096250000000047,0.28195722365016446,438,0,2438,0,0,0,20,20,20,3,0,-0.6459999999999226,4,-0.3951874999999976,-6.694124999999945,-0.758074999999999,136.50995246084503,136.50995246084503,True,243,fold,0,0.2156360149383545
7,0,7,6,deal,False,♣10 ♦3,,20000,0.11066369047619039,0.27234428075073475,438,0,2438,0,0,0,20,20,20,3,0,-2.2938095238095375,5,-0.3360178571428577,-7.826994047619056,-0.7786726190476192,124.17703371543269,124.17703371543269,True,243,fold,0,0.21418118476867676
8,0,7,7,deal,False,♦6 ♦10,,20000,0.1669095238095273,0.3321733028108372,438,0,2438,0,0,0,40,40,40,3,0,13.411047619048745,6,0.1683666666666912,-3.279904761903989,-0.6661809523809454,193.35249030577344,193.35249030577344,True,243,bet,174,0.20554518699645996
8,1,7,4,flop,False,♦6 ♦10,♥A ♣Q ♦K,466,0.13825873697118332,0.3054819063239666,264,0,2264,174,0,174,264,438,1438,1,-174,46.458614347026355,1,-0.7234825260576334,-144.89147762109135,-0.7234825260576334,146.3067235231921,-27.69327647680791,True,226,fold,0,1.2599260807037354
9,0,7,7,deal,False,♣J ♦K,,20000,0.2088065476190564,0.34547316037258363,1264,1,2264,0,0,0,40,40,40,2,0,26.81809523809805,6,0.4616458333333948,-2.414821428569848,-0.5823869047618873,230.2880021869206,230.2880021869206,False,226,bet,207,0.21218609809875488
9,1,7,2,flop,False,♣J ♦K,♠A ♠7 ♠Q,369,0.09330236159504453,0.2859979475853539,1057,1,2057,207,0,207,40,247,40,1,-207,-15.920893018453981,1,-0.813395276809911,-34.581365337462884,-0.813395276809911,87.49966925385326,-119.50033074614674,False,205,fold,0,1.2514519691467285
10,0,7,7,deal,False,♣8 ♣10,,20000,0.1876125000000053,0.3461784740103827,1057,1,2057,0,0,0,40,40,40,1,0,20.036000000001692,6,0.313287500000037,-13.734249999999257,-0.6247749999999894,185.6170309421835,185.6170309421835,False,205,bet,167,0.22211408615112305
10,1,7,5,deal,False,♣8 ♣10,,20000,0.1876125000000053,0.3461784740103827,890,1,1890,0,167,167,167,334,334,3,-167,162.7579312500136,3,-0.24954999999997884,37.432781250010066,-0.6247749999999894,170.5474907538779,3.547490753877895,False,189,fold,0,0.19213390350341797
11,0,7,5,deal,False,♠10 ♥A,,20000,0.21955714285714434,0.35400783585412676,850,1,1850,0,40,40,40,80,80,1,-40,60.51657142857237,4,0.09778571428572169,-0.9594285714280417,-0.5608857142857113,199.16894618371458,159.16894618371458,False,185,call,0,0.22062993049621582
11,1,7,5,flop,True,♠10 ♥A,♥9 ♥5 ♦8,256,0.12109375,0.3119542761008481,810,1,1810,80,0,80,40,120,0,7,-80,6.40625,4,-0.39453125,6.40625,-0.7578125,101.46397943288164,21.463979432881644,False,181,fold,0,1.2484767436981201
12,0,7,6,deal,False,♣8 ♦5,,20000,0.1418666666666691,0.3030451735561592,790,1,1790,0,20,20,20,40,40,5,-20,5.397333333334117,5,-0.1487999999999854,-0.2773333333326491,-0.7162666666666617,118.93695805682975,98.93695805682975,False,179,call,0,0.2097480297088623
12,1,7,6,flop,True,♣8 ♦5,♣2 ♦4 ♣6,100,0.265,0.3965791219920686,770,1,1770,40,0,40,40,80,0,7,-40,49.7,5,0.5900000000000001,49.7,-0.47,236.67140982097504,196.67140982097504,False,177,bet,177,1.2504429817199707
12,2,7,3,turn,True,♣8 ♦5,♣2 ♦4 ♣6 ♥2,136,0.16176470588235295,0.35294117647058826,593,1,1593,217,0,217,40,257,0,7,-217,53.794117647058826,2,-0.5147058823529411,53.794117647058826,-0.6764705882352942,122.07805285475565,-94.92194714524435,False,159,fold,0,1.2401270866394043
13,0,7,5,deal,False,♣5 ♦6,,20000,0.1393392857142876,0.3036544261028327,1593,2,1593,0,0,0,40,40,40,3,0,4.588571428572038,4,-0.3033035714285619,-9.345357142856727,-0.7213214285714248,103.81265647406236,103.81265647406236,False,159,call,0,0.21737384796142578
13,1,7,4,flop,False,♣5 ♦6,♦K ♦3 ♦J,772,0.052461139896373056,0.22076563615398265,1553,2,1553,40,0,40,40,80,40,3,-40,-37.98791018998274,3,-0.7901554404145078,-44.283246977547506,-0.8950777202072538,36.34481221495329,-3.6551877850467065,False,155,fold,0,1.3001539707183838
14,0,7,5,deal,False,♠J ♥6,,20000,0.12838095238095312,0.2879736070672904,1553,2,1553,0,0,0,40,40,40,2,0,1.081904761904994,4,-0.35809523809523436,-16.891428571428442,-0.7432380952380937,92.67261567539667,92.67261567539667,False,155,call,0,0.21067380905151367
14,1,7,4,flop,False,♠J ♥6,♥10 ♠K ♥3,553,0.04701627486437613,0.20071110856705815,1513,2,1513,40,0,40,80,120,80,2,-40,-61.44665461121157,3,-0.8119349005424955,-74.61121157323689,-0.9059674502712477,31.64366284742543,-8.356337152574572,False,151,fold,0,1.276298999786377
15,0,7,7,deal,False,♠A ♠6,,20000,0.21025595238095743,0.3579032598629914,1513,2,1513,0,0,0,80,80,80,3,0,54.56380952381274,6,0.4717916666667019,12.512619047621264,-0.5794880952380852,155.1031354015465,155.1031354015465,False,160,bet,139,0.22458791732788086
15,1,7,3,flop,False,♠A ♠6,♥K ♣Q ♠5,519,0.13872832369942195,0.3371979078852078,1374,2,1374,139,0,139,80,219,80,2,-139,25.67533718689785,2,-0.5838150289017341,-18.717726396917186,-0.7225433526011561,89.11741290050034,-49.88258709949966,False,160,fold,0,1.2739920616149902
16,0,7,7,deal,False,♠Q ♠7,,20000,0.18572916666667172,0.3432975071788583,1374,2,1374,0,0,0,80,80,80,2,0,38.8666666666699,6,0.3001041666667019,-13.137499999998184,-0.6285416666666566,122.60356036729067,122.60356036729067,False,160,bet,110,0.22179603576660156
16,1,7,5,deal,False,♠Q ♠7,,20000,0.18572916666667172,0.3432975071788583,1264,2,1264,0,110,110,10,120,120,3,-110,58.30000000000486,4,-0.0713541666666414,11.867708333336921,-0.6285416666666566,112.78813704822082,2.7881370482208183,False,160,fold,0,0.19195175170898438
17,0,7,7,deal,False,♦A ♥9,,20000,0.18874285714286476,0.3311289961880849,1264,2,1264,0,0,0,80,80,80,1,0,40.79542857143345,6,0.32120000000005344,-27.151999999997862,-0.6225142857142705,114.8236134690408,114.8236134690408,True,160,bet,103,0.22707819938659668
17,1,7,3,flop,False,♦A ♥9,♦4 ♦6 ♣A,258,0.312015503875969,0.4573520232213287,1161,2,1161,103,0,103,80,183,80,1,-103,212.80910852713177,2,-0.06395348837209303,88.00290697674419,-0.375968992248062,188.57118569222817,85.57118569222817,True,160,call,0,1.2537469863891602
17,2,7,2,turn,False,♦A ♥9,♦4 ♦6 ♣A ♦10,155,0.6225806451612903,0.47972416632313036,1081,2,1081,183,0,183,80,263,80,1,-183,650.0983870967742,1,0.2451612903225806,401.066129032258,0.2451612903225806,457.4530744872481,274.4530744872481,True,160,bet,247,1.2333228588104248
17,3,7,2,river,False,♦A ♥9,♦4 ♦6 ♣A ♦10 ♥A,209,0.6985645933014354,0.45888135970753435,834,2,834,430,0,430,80,510,80,1,-430,1079.7990430622008,1,0.3971291866028708,800.3732057416269,0.3971291866028708,434.35198437233197,4.3519843723319696,True,160,call,0,1.2387468814849854
18,0,7,4,deal,False,♣3 ♥9,,20000,0.09867976190476145,0.2571366147989633,1900,2,1900,0,80,80,0,80,80,4,-80,-16.844952380952677,3,-0.6052809523809541,-36.58090476190496,-0.8026404761904771,85.72966677067686,5.729666770676857,True,190,check,0,0.2082839012145996
18,1,7,4,flop,True,♣3 ♥9,♦K ♦2 ♠9,109,0.14678899082568808,0.34514601989157256,1900,2,1900,80,0,80,80,160,0,7,-80,24.770642201834875,3,-0.4128440366972477,24.770642201834875,-0.7064220183486238,130.99274383470822,50.99274383470822,False,190,fold,0,1.2442233562469482
19,0,7,6,deal,False,♥10 ♣Q,,20000,0.19305238095238927,0.3374892613156023,1860,2,1860,0,40,40,40,80,80,5,-40,43.55352380952914,5,0.1583142857143356,28.109333333337986,-0.6138952380952214,173.26765920163123,133.26765920163123,False,186,call,0,0.2153480052947998
19,1,7,6,flop,True,♥10 ♣Q,♦5 ♠6 ♠5,86,0.07475083056478406,0.25473843028170223,1820,2,1820,80,0,80,80,160,0,7,-80,-19.822812846068665,5,-0.5514950166112956,-19.822812846068665,-0.8504983388704319,61.40915887305409,-18.59084112694591,False,182,fold,0,1.2333869934082031
20,0,7,6,deal,False,♥3 ♠2,,20000,0.10527976190476106,0.2702428343284878,1820,2,1820,0,0,0,160,160,160,1,0,-25.24190476190583,5,-0.3683214285714337,-79.98738095238159,-0.7894404761904779,87.92918504502886,87.92918504502886,False,182,fold,0,0.22156906127929688
21,0,7,5,deal,False,♦6 ♥7,,20000,0.14276547619047794,0.30355465631008555,1820,2,1820,0,0,0,80,80,80,2,0,11.369904761905886,4,-0.28617261904761027,-28.60442857142794,-0.7144690476190441,121.758631052026,121.758631052026,False,182,call,0,0.21746182441711426
21,1,7,4,flop,False,♦6 ♥7,♠J ♥K ♥A,475,0.02526315789473684,0.15692332760913028,1740,2,1740,80,0,80,80,160,80,2,-80,-100.22456140350877,3,-0.8989473684210526,-108.30877192982456,-0.9494736842105264,24.0,-56.0,False,174,fold,0,1.26202392578125
22,0,7,6,deal,False,♦K ♠J,,20000,0.2088065476190564,0.34547316037258363,1740,2,1740,0,0,0,160,160,160,2,0,107.2723809523922,5,0.25283928571433845,-9.659285714279392,-0.5823869047618873,176.9881288892411,176.9881288892411,False,320,bet,159,0.22024822235107422
22,1,7,3,flop,False,♦K ♠J,♦A ♣A ♣3,330,0.13636363636363635,0.3364864640603954,1580,2,1580,160,0,160,160,320,160,2,-160,32.72727272727269,2,-0.5909090909090909,-54.54545454545456,-0.7272727272727273,100.59714619361611,-59.40285380638389,False,320,fold,0,1.252478837966919
23,0,7,7,deal,False,♥J ♣3,,20000,0.11544999999999964,0.2743939255651308,1580,2,1580,0,0,0,160,160,160,2,0,-12.224000000000473,6,-0.19185000000000252,-76.87600000000027,-0.7691000000000008,84.17862880308894,84.17862880308894,True,320,fold,0,0.20926475524902344
24,0,7,7,deal,False,♣3 ♠8,,20000,0.12096250000000047,0.28195722365016446,1580,2,1580,0,0,0,160,160,160,1,0,-5.167999999999381,6,-0.15326249999999675,-92.26099999999971,-0.758074999999999,88.46830389176995,88.46830389176995,False,320,fold,0,0.23047280311584473
25,0,7,5,deal,False,♥5 ♥8,,20000,0.19132321428571872,0.35107160432223355,1420,2,1420,0,160,160,0,160,160,5,-160,84.89371428571997,4,-0.04338392857140638,23.670285714289975,-0.6173535714285625,130.95953377893164,-29.040466221068357,False,320,check,0,0.2104320526123047
25,1,7,4,flop,True,♥5 ♥8,♣8 ♣J ♥6,201,0.208955223880597,0.40656234244406675,1420,2,1420,160,0,160,160,320,0,7,-160,116.21890547263679,3,-0.16417910447761197,116.21890547263679,-0.582089552238806,144.55448500205307,-15.44551499794693,False,320,fold,0,1.244460105895996
26,0,7,6,deal,False,♦A ♥7,,20000,0.17874821428572008,0.32617174154700324,1340,2,1340,0,80,80,80,160,160,4,-80,68.0021288690549,4,-0.10625892857139962,39.40241458333969,-0.6425035714285598,114.60172196668425,34.60172196668425,False,320,fold,0,0.21669602394104004
27,0,7,7,deal,False,♣2 ♠2,,20000,0.14433511904761925,0.32648729611494487,1340,2,1340,0,0,0,160,160,160,5,0,24.74895238095266,5,-0.13398928571428448,13.202142857143116,-0.7113297619047615,90.71303180294342,90.71303180294342,False,320,fold,0,0.22392010688781738
28,0,6,6,deal,False,♣K ♥3,,20000,0.16513055555555115,0.3039154506146681,1340,2,1340,0,0,0,320,320,320,3,0,49.892444444434545,5,-0.009216666666693074,-29.370222222229984,-0.6697388888888978,105.03112087252727,105.03112087252727,False,640,fold,0,0.21437597274780273
29,0,6,5,deal,False,♠10 ♠9,,20000,0.22495912698412307,0.35419888174353786,1340,2,1340,0,0,0,320,320,320,1,0,164.32217777777038,4,0.1247956349206154,-24.643488888893017,-0.5500817460317539,148.3050275284774,148.3050275284774,False,640,fold,0,0.20778298377990723
30,0,6,6,deal,False,♥K ♣10,,20000,0.23342579365078892,0.34478613540106945,1340,2,1340,0,0,0,160,160,160,1,0,91.82357460316996,4,0.16712896825394452,-20.220806349208715,-0.5331484126984222,154.69736925964605,154.69736925964605,False,640,fold,0,0.21913909912109375
31,0,6,6,deal,False,♦K ♦A,,20000,0.3209071428571445,0.3883194634341682,1020,2,1020,0,320,320,0,320,320,5,-320,361.814285714289,4,0.6045357142857224,361.814285714289,-0.358185714285711,171.43225427033744,-148.56774572966256,False,640,bet,-133,0.20842504501342773
31,1,6,6,flop,True,♦K ♦A,♣A ♦10 ♦5,77,0.6298701298701299,0.4726452048072168,700,2,700,640,0,640,320,960,0,6,-640,2094.3376623376626,4,2.14935064935065,2094.3376623376626,0.2597402597402598,302.1521056147802,-337.8478943852198,False,640,fold,0,1.2315192222595215
32,0,5,5,deal,False,♦8 ♣6,,20000,0.2082964285714406,0.32015471831323855,540,2,540,0,160,160,160,320,320,4,-160,79.92914285716591,4,0.041482142857202975,79.92914285716591,-0.5834071428571188,96.0,-64.0,False,640,fold,0,0.20135712623596191
33,0,5,5,deal,False,♦J ♥K,,20000,0.28480595238096046,0.35132826918911486,540,2,540,0,0,0,320,320,320,3,0,226.8274285714441,4,0.42402976190480235,181.2584761904904,-0.4303880952380791,96.0,96.0,False,640,fold,0,0.20304298400878906
34,0,4,4,deal,False,♦A ♦2,,20000,0.3131726190476573,0.3548060396800437,540,2,540,0,0,0,540,540,640,1,0,305.5660714286748,3,0.25269047619062923,67.55488095245516,-0.3736547619046854,192.0,192.0,False,1280,fold,0,0.18656706809997559
