game_id,round_id,turn_id,roundName,playerName,chips,reloadCount,position,N,Nnf,hole,board,Nsim,prWin,prWinStd,pot_sum,bet_sum,pot,bet,cost_to_call,NMaxBet,action,amount,allIn,folded,rank,message,winMoney,cost,profit
2018-03-18 08:24:42,1,1,Deal,PCB,1000.0,0,1,6,6,♣8 ♠6,,60000,0.15288452380952763,0.3015678259852209,0.0,30.0,0.0,0.0,20.0,1,call,20.0,False,True,7.0928,High Card,0.0,265.0,-265.0
2018-03-18 08:24:42,1,2,Deal,Tobacco AI,1000.0,0,2,6,6,♣A ♥K,,60000,0.2884386243386358,0.37144225724510505,0.0,50.0,0.0,0.0,20.0,2,bet,40.0,True,False,122.0,Straight,2610.0,1000.0,1610.0
2018-03-18 08:24:42,1,3,Deal,Out Bluffed,1000.0,0,3,6,6,♥5 ♦K,,60000,0.17108134920634566,0.3069431762412792,0.0,90.0,0.0,0.0,40.0,1,call,40.0,False,True,80.0512,Two Pair,0.0,40.0,-40.0
2018-03-18 08:24:42,1,4,Deal,Im Not Kao Chin,1000.0,0,D,6,6,♦A ♥7,,60000,0.2005350529100423,0.3226642216770815,0.0,130.0,0.0,0.0,40.0,2,call,40.0,False,True,122.0,Straight,0.0,40.0,-40.0
2018-03-18 08:24:42,1,5,Deal,ヽ(=^･ω･^=)丿,990.0,0,SB,6,6,♠4 ♠7,,60000,0.1663042328042312,0.3234485743146176,0.0,170.0,0.0,10.0,30.0,3,bet,255.0,False,True,7.0912,High Card,0.0,265.0,-265.0
2018-03-18 08:24:42,1,6,Deal,SML,980.0,0,BB,6,6,♣6 ♠8,,60000,0.15288452380952763,0.3015678259852209,0.0,425.0,0.0,20.0,245.0,1,call,245.0,True,False,7.0928,High Card,0.0,1000.0,-1000.0
2018-03-18 08:24:42,1,7,Deal,PCB,980.0,0,1,6,6,♣8 ♠6,,60000,0.15288452380952763,0.3015678259852209,0.0,670.0,0.0,20.0,245.0,2,call,245.0,False,True,7.0928,High Card,0.0,265.0,-265.0
2018-03-18 08:24:42,1,8,Deal,Tobacco AI,960.0,0,2,6,6,♣A ♥K,,60000,0.2884386243386358,0.37144225724510505,0.0,915.0,0.0,40.0,225.0,3,call,225.0,True,False,122.0,Straight,2610.0,1000.0,1610.0
2018-03-18 08:24:42,1,9,Deal,Out Bluffed,960.0,0,3,6,6,♥5 ♦K,,60000,0.17108134920634566,0.3069431762412792,0.0,1140.0,0.0,40.0,225.0,4,fold,0.0,False,True,80.0512,Two Pair,0.0,40.0,-40.0
2018-03-18 08:24:42,1,10,Deal,Im Not Kao Chin,960.0,0,D,6,5,♦A ♥7,,60000,0.2005350529100423,0.3226642216770815,0.0,1140.0,0.0,40.0,225.0,4,fold,0.0,False,True,122.0,Straight,0.0,40.0,-40.0
2018-03-18 08:24:42,1,11,Flop,ヽ(=^･ω･^=)丿,735.0,0,SB,6,4,♠4 ♠7,♣5 ♦Q ♣K,181,0.052486187845303865,0.2198867264324022,1140.0,0.0,265.0,0.0,0.0,6,fold,0.0,False,True,7.0912,High Card,0.0,265.0,-265.0
2018-03-18 08:24:42,1,12,Flop,SML,735.0,0,BB,6,3,♣6 ♠8,♣5 ♦Q ♣K,412,0.07127831715210356,0.2481164974885197,1140.0,0.0,265.0,0.0,0.0,6,bet,20.0,True,False,7.0928,High Card,0.0,1000.0,-1000.0
2018-03-18 08:24:42,1,13,Flop,PCB,735.0,0,1,6,3,♣8 ♠6,♣5 ♦Q ♣K,301,0.08361018826135104,0.26678588998652836,1140.0,20.0,265.0,0.0,20.0,1,fold,0.0,False,True,7.0928,High Card,0.0,265.0,-265.0
2018-03-18 08:24:42,1,14,Flop,Tobacco AI,735.0,0,2,6,2,♣A ♥K,♣5 ♦Q ♣K,115,0.4652173913043478,0.4922077112377359,1140.0,20.0,265.0,0.0,20.0,1,call,20.0,True,False,122.0,Straight,2610.0,1000.0,1610.0
2018-03-18 08:24:42,1,15,Turn,SML,715.0,0,BB,6,2,♣6 ♠8,♣5 ♦Q ♣K ♦J,313,0.005324813631522896,0.06367105682561297,1180.0,0.0,285.0,0.0,0.0,6,bet,20.0,True,False,7.0928,High Card,0.0,1000.0,-1000.0
2018-03-18 08:24:42,1,16,Turn,Tobacco AI,715.0,0,2,6,2,♣A ♥K,♣5 ♦Q ♣K ♦J,176,0.4678030303030303,0.4890582803787079,1180.0,20.0,285.0,0.0,20.0,1,call,20.0,True,False,122.0,Straight,2610.0,1000.0,1610.0
2018-03-18 08:24:42,1,17,River,SML,695.0,0,BB,6,2,♣6 ♠8,♣5 ♦Q ♣K ♦J ♠10,407,0.0,0.0,1220.0,0.0,305.0,0.0,0.0,6,bet,20.0,True,False,7.0928,High Card,0.0,1000.0,-1000.0
2018-03-18 08:24:42,1,18,River,Tobacco AI,695.0,0,2,6,2,♣A ♥K,♣5 ♦Q ♣K ♦J ♠10,164,0.6814024390243902,0.26670731010293636,1220.0,20.0,305.0,0.0,20.0,1,allin,695.0,True,False,122.0,Straight,2610.0,1000.0,1610.0
2018-03-18 08:24:42,1,19,River,SML,675.0,0,BB,6,2,♣6 ♠8,♣5 ♦Q ♣K ♦J ♠10,677,0.0,0.0,1220.0,715.0,305.0,20.0,675.0,1,allin,675.0,True,False,7.0928,High Card,0.0,1000.0,-1000.0
2018-03-18 08:24:42,2,1,Deal,Tobacco AI,2610.0,0,1,6,6,♦A ♥J,,60000,0.25920634920633767,0.357297909843967,0.0,30.0,0.0,0.0,20.0,1,call,20.0,False,True,8.144,High Card,0.0,40.0,-40.0
2018-03-18 08:24:42,2,2,Deal,Out Bluffed,960.0,0,2,6,6,♣2 ♥4,,60000,0.10847129629630096,0.26740961286890463,0.0,50.0,0.0,0.0,20.0,2,fold,0.0,False,True,23.1024,Two Pair,0.0,0.0,0.0
2018-03-18 08:24:42,2,3,Deal,Im Not Kao Chin,960.0,0,3,6,5,♦J ♥9,,60000,0.2030281746031661,0.3319848491245263,0.0,50.0,0.0,0.0,20.0,2,call,20.0,False,True,7.047999999999999,High Card,0.0,40.0,-40.0
2018-03-18 08:24:42,2,4,Deal,ヽ(=^･ω･^=)丿,735.0,0,D,6,5,♣J ♦6,,60000,0.14840462962963621,0.2907548871010322,0.0,70.0,0.0,0.0,20.0,3,call,20.0,False,True,7.0424,High Card,0.0,20.0,-20.0
2018-03-18 08:24:42,2,5,Deal,SML,990.0,1,SB,6,5,♠A ♠J,,60000,0.291448148148151,0.37835027752789535,0.0,90.0,0.0,10.0,10.0,4,call,10.0,False,False,8.144,High Card,0.0,80.0,-80.0
2018-03-18 08:24:42,2,6,Deal,PCB,715.0,0,BB,6,5,♣8 ♣3,,60000,0.14948187830688273,0.30882340713298617,0.0,100.0,0.0,20.0,0.0,5,call,0.0,False,False,15.1154,Pair,260.0,80.0,180.0
2018-03-18 08:24:42,2,7,Flop,SML,980.0,1,SB,6,5,♠A ♠J,♦8 ♦10 ♦2,180,0.07314814814814816,0.258893591331213,100.0,0.0,20.0,0.0,0.0,6,bet,20.0,False,False,8.144,High Card,0.0,80.0,-80.0
2018-03-18 08:24:42,2,8,Flop,PCB,715.0,0,BB,6,5,♣8 ♣3,♦8 ♦10 ♦2,179,0.1266294227188082,0.32927473087929476,100.0,20.0,20.0,0.0,20.0,1,call,20.0,False,False,15.1154,Pair,260.0,80.0,180.0
2018-03-18 08:24:42,2,9,Flop,Tobacco AI,2590.0,0,1,6,5,♦A ♥J,♦8 ♦10 ♦2,180,0.41388888888888886,0.49111708141167415,100.0,40.0,20.0,0.0,20.0,2,call,20.0,False,True,8.144,High Card,0.0,40.0,-40.0
2018-03-18 08:24:42,2,10,Flop,Im Not Kao Chin,940.0,0,3,6,5,♦J ♥9,♦8 ♦10 ♦2,180,0.35,0.47404875511092975,100.0,60.0,20.0,0.0,20.0,3,call,20.0,False,True,7.047999999999999,High Card,0.0,40.0,-40.0
2018-03-18 08:24:42,2,11,Flop,ヽ(=^･ω･^=)丿,715.0,0,D,6,5,♣J ♦6,♦8 ♦10 ♦2,180,0.10555555555555556,0.30726792908944073,100.0,80.0,20.0,0.0,20.0,4,fold,0.0,False,True,7.0424,High Card,0.0,20.0,-20.0
2018-03-18 08:24:42,2,12,Turn,SML,960.0,1,SB,6,4,♠A ♠J,♦8 ♦10 ♦2 ♣4,172,0.03488372093023256,0.18348527718673838,180.0,0.0,40.0,0.0,0.0,6,bet,20.0,False,False,8.144,High Card,0.0,80.0,-80.0
2018-03-18 08:24:42,2,13,Turn,PCB,695.0,0,BB,6,4,♣8 ♣3,♦8 ♦10 ♦2 ♣4,170,0.12941176470588237,0.3356551204161672,180.0,20.0,40.0,0.0,20.0,1,call,20.0,False,False,15.1154,Pair,260.0,80.0,180.0
2018-03-18 08:24:42,2,14,Turn,Tobacco AI,2570.0,0,1,6,4,♦A ♥J,♦8 ♦10 ♦2 ♣4,254,0.23818897637795275,0.4248184741056725,180.0,40.0,40.0,0.0,20.0,2,fold,0.0,False,True,8.144,High Card,0.0,40.0,-40.0
2018-03-18 08:24:42,2,15,Turn,Im Not Kao Chin,920.0,0,3,6,3,♦J ♥9,♦8 ♦10 ♦2 ♣4,173,0.2023121387283237,0.40172370760448683,180.0,40.0,40.0,0.0,20.0,2,fold,0.0,False,True,7.047999999999999,High Card,0.0,40.0,-40.0
2018-03-18 08:24:42,2,16,River,SML,940.0,1,SB,6,2,♠A ♠J,♦8 ♦10 ♦2 ♣4 ♣K,232,0.01293103448275862,0.11297708984552722,220.0,0.0,60.0,0.0,0.0,6,bet,20.0,False,False,8.144,High Card,0.0,80.0,-80.0
2018-03-18 08:24:42,2,17,River,PCB,675.0,0,BB,6,2,♣8 ♣3,♦8 ♦10 ♦2 ♣4 ♣K,132,0.05303030303030303,0.22409393117801577,220.0,20.0,60.0,0.0,20.0,1,call,20.0,False,False,15.1154,Pair,260.0,80.0,180.0
2018-03-18 08:24:42,3,1,Deal,Out Bluffed,960.0,0,1,6,6,♥4 ♣10,,60000,0.13293783068784293,0.2801332685903269,0.0,30.0,0.0,0.0,20.0,1,fold,0.0,False,True,5.0156,High Card,0.0,0.0,0.0
2018-03-18 08:24:42,3,2,Deal,Im Not Kao Chin,920.0,0,2,6,5,♥5 ♥J,,60000,0.18562314814814104,0.33136230923048227,0.0,30.0,0.0,0.0,20.0,1,call,20.0,False,False,61.0016,Two Pair,220.0,80.0,140.0
2018-03-18 08:24:42,3,3,Deal,ヽ(=^･ω･^=)丿,715.0,0,3,6,5,♠4 ♦6,,60000,0.13462169312170374,0.2931111136289798,0.0,50.0,0.0,0.0,20.0,2,call,20.0,False,True,13.0276,Pair,0.0,20.0,-20.0
2018-03-18 08:24:42,3,4,Deal,SML,920.0,1,D,6,5,♠7 ♥10,,60000,0.16758240740740696,0.30954748151558253,0.0,70.0,0.0,0.0,20.0,3,call,20.0,False,False,14.0392,Pair,0.0,80.0,-80.0
2018-03-18 08:24:42,3,5,Deal,PCB,905.0,0,SB,6,5,♥9 ♠Q,,60000,0.20453320105818956,0.33040871939198246,0.0,90.0,0.0,10.0,10.0,4,call,10.0,False,True,6.0344,High Card,0.0,20.0,-20.0
2018-03-18 08:24:42,3,6,Deal,Tobacco AI,2550.0,0,BB,6,5,♣4 ♣9,,60000,0.1598883597883611,0.31546989812227794,0.0,100.0,0.0,20.0,0.0,5,call,0.0,False,True,5.0092,High Card,0.0,20.0,-20.0
2018-03-18 08:24:42,3,7,Flop,PCB,895.0,0,SB,6,5,♥9 ♠Q,♦J ♥2 ♦7,128,0.08203125,0.2708302033072336,100.0,0.0,20.0,0.0,0.0,6,fold,0.0,False,True,6.0344,High Card,0.0,20.0,-20.0
2018-03-18 08:24:42,3,8,Flop,Tobacco AI,2550.0,0,BB,6,4,♣4 ♣9,♦J ♥2 ♦7,182,0.027472527472527472,0.16345576682025845,100.0,0.0,20.0,0.0,0.0,6,fold,0.0,False,True,5.0092,High Card,0.0,20.0,-20.0
2018-03-18 08:24:42,3,9,Flop,Im Not Kao Chin,900.0,0,2,6,3,♥5 ♥J,♦J ♥2 ♦7,113,0.3672566371681416,0.4751231750635793,100.0,0.0,20.0,0.0,0.0,6,bet,20.0,False,False,61.0016,Two Pair,220.0,80.0,140.0
2018-03-18 08:24:42,3,10,Flop,ヽ(=^･ω･^=)丿,695.0,0,3,6,3,♠4 ♦6,♦J ♥2 ♦7,133,0.08270676691729323,0.275438482466379,100.0,20.0,20.0,0.0,20.0,1,fold,0.0,False,True,13.0276,Pair,0.0,20.0,-20.0
2018-03-18 08:24:42,3,11,Flop,SML,900.0,1,D,6,2,♠7 ♥10,♦J ♥2 ♦7,108,0.2175925925925926,0.40979414518342233,100.0,20.0,20.0,0.0,20.0,1,call,20.0,False,False,14.0392,Pair,0.0,80.0,-80.0
2018-03-18 08:24:42,3,12,Turn,Im Not Kao Chin,880.0,0,2,6,2,♥5 ♥J,♦J ♥2 ♦7 ♠6,186,0.33602150537634407,0.46517805536529,140.0,0.0,40.0,0.0,0.0,6,bet,20.0,False,False,61.0016,Two Pair,220.0,80.0,140.0
2018-03-18 08:24:42,3,13,Turn,SML,880.0,1,D,6,2,♠7 ♥10,♦J ♥2 ♦7 ♠6,103,0.28640776699029125,0.44938977906924726,140.0,20.0,40.0,0.0,20.0,1,call,20.0,False,False,14.0392,Pair,0.0,80.0,-80.0
2018-03-18 08:24:42,3,14,River,Im Not Kao Chin,860.0,0,2,6,2,♥5 ♥J,♦J ♥2 ♦7 ♠6 ♠5,109,0.6880733944954128,0.46328004304413195,180.0,0.0,60.0,0.0,0.0,6,bet,20.0,False,False,61.0016,Two Pair,220.0,80.0,140.0
2018-03-18 08:24:42,3,15,River,SML,860.0,1,D,6,2,♠7 ♥10,♦J ♥2 ♦7 ♠6 ♠5,141,0.14893617021276595,0.35602554320598956,180.0,20.0,60.0,0.0,20.0,1,call,20.0,False,False,14.0392,Pair,0.0,80.0,-80.0
2018-03-18 08:24:42,4,1,Deal,Im Not Kao Chin,1060.0,0,1,6,6,♣8 ♣3,,60000,0.14948187830688273,0.30882340713298617,0.0,30.0,0.0,0.0,20.0,1,fold,0.0,False,True,15.2688,Pair,0.0,0.0,0.0
2018-03-18 08:24:42,4,2,Deal,ヽ(=^･ω･^=)丿,695.0,0,2,6,5,♠10 ♥K,,60000,0.23789060846559593,0.34881804831857244,0.0,30.0,0.0,0.0,20.0,1,bet,280.0,False,False,17.3584,Pair,710.0,340.0,370.0
2018-03-18 08:24:42,4,3,Deal,SML,840.0,1,3,6,5,♥6 ♥9,,60000,0.19076679894179088,0.33783565333358145,0.0,310.0,0.0,0.0,280.0,1,call,280.0,False,False,13.2688,Pair,0.0,340.0,-340.0
2018-03-18 08:24:42,4,4,Deal,PCB,895.0,0,D,6,5,♣2 ♦8,,60000,0.10395529100529803,0.2514431621440279,0.0,590.0,0.0,0.0,280.0,2,fold,0.0,False,True,15.2688,Pair,0.0,0.0,0.0
2018-03-18 08:24:42,4,5,Deal,Tobacco AI,2540.0,0,SB,6,4,♦9 ♣K,,60000,0.21013849206347995,0.3313972956554497,0.0,590.0,0.0,10.0,270.0,2,fold,0.0,False,True,8.1728,High Card,0.0,10.0,-10.0
2018-03-18 08:24:42,4,6,Deal,Out Bluffed,940.0,0,BB,6,3,♥8 ♦6,,60000,0.15288452380952763,0.3015678259852209,0.0,590.0,0.0,20.0,260.0,2,fold,0.0,False,True,41.2048,Two Pair,0.0,20.0,-20.0
2018-03-18 08:24:42,4,7,Flop,ヽ(=^･ω･^=)丿,415.0,0,2,6,2,♠10 ♥K,♠6 ♠8 ♦10,178,0.349250936329588,0.47295396856540917,590.0,0.0,280.0,0.0,0.0,6,bet,20.0,False,False,17.3584,Pair,710.0,340.0,370.0
2018-03-18 08:24:42,4,8,Flop,SML,560.0,1,3,6,2,♥6 ♥9,♠6 ♠8 ♦10,187,0.20588235294117646,0.3814720874185043,590.0,20.0,280.0,0.0,20.0,1,call,20.0,False,False,13.2688,Pair,0.0,340.0,-340.0
2018-03-18 08:24:42,4,9,Turn,ヽ(=^･ω･^=)丿,395.0,0,2,6,2,♠10 ♥K,♠6 ♠8 ♦10 ♦Q,204,0.20588235294117646,0.3982371766978412,630.0,0.0,300.0,0.0,0.0,6,bet,20.0,False,False,17.3584,Pair,710.0,340.0,370.0
2018-03-18 08:24:42,4,10,Turn,SML,540.0,1,3,6,2,♥6 ♥9,♠6 ♠8 ♦10 ♦Q,226,0.16887905604719763,0.35838052391998926,630.0,20.0,300.0,0.0,20.0,1,call,20.0,False,False,13.2688,Pair,0.0,340.0,-340.0
2018-03-18 08:24:42,4,11,River,ヽ(=^･ω･^=)丿,375.0,0,2,6,2,♠10 ♥K,♠6 ♠8 ♦10 ♦Q ♦A,160,0.11875,0.31862742741327216,670.0,0.0,320.0,0.0,0.0,6,bet,20.0,False,False,17.3584,Pair,710.0,340.0,370.0
2018-03-18 08:24:42,4,12,River,SML,520.0,1,3,6,2,♥6 ♥9,♠6 ♠8 ♦10 ♦Q ♦A,162,0.0,0.0,670.0,20.0,320.0,0.0,20.0,1,call,20.0,False,False,13.2688,Pair,0.0,340.0,-340.0
2018-03-18 08:24:42,5,1,Deal,ヽ(=^･ω･^=)丿,1065.0,0,1,6,6,♠10 ♥10,,60000,0.30259510582007626,0.35512843081841344,0.0,30.0,0.0,0.0,20.0,1,bet,433.0,False,True,17.0608,Pair,0.0,473.0,-473.0
2018-03-18 08:24:42,5,2,Deal,SML,500.0,1,2,6,6,♠K ♠3,,60000,0.2043392857142741,0.3437417593305883,0.0,463.0,0.0,0.0,433.0,1,call,433.0,True,False,7.0624,High Card,0.0,500.0,-500.0
2018-03-18 08:24:42,5,3,Deal,PCB,895.0,0,3,6,6,♥7 ♠A,,60000,0.2005350529100423,0.3226642216770815,0.0,896.0,0.0,0.0,433.0,2,fold,0.0,False,True,14.2624,Pair,0.0,0.0,0.0
2018-03-18 08:24:42,5,4,Deal,Tobacco AI,2540.0,0,D,6,5,♣A ♠6,,60000,0.19578108465607355,0.32287853643385694,0.0,896.0,0.0,0.0,433.0,2,call,433.0,True,False,117.0,Straight,3956.0,2540.0,1416.0
2018-03-18 08:24:42,5,5,Deal,Out Bluffed,930.0,0,SB,6,5,♥Q ♣10,,60000,0.23180277777776556,0.34862435250359963,0.0,1329.0,0.0,10.0,423.0,3,fold,0.0,False,True,19.0224,Pair,0.0,10.0,-10.0
2018-03-18 08:24:42,5,6,Deal,Im Not Kao Chin,1040.0,0,BB,6,4,♠4 ♦7,,60000,0.12808267195768144,0.28166487573554666,0.0,1329.0,0.0,20.0,413.0,3,call,413.0,False,True,14.0608,Pair,0.0,433.0,-433.0
2018-03-18 08:24:42,5,7,Flop,Im Not Kao Chin,627.0,0,BB,6,4,♠4 ♦7,♥9 ♦Q ♣8,319,0.03761755485893417,0.1804029161278091,1742.0,0.0,433.0,0.0,0.0,6,fold,0.0,False,True,14.0608,Pair,0.0,433.0,-433.0
2018-03-18 08:24:42,5,8,Flop,ヽ(=^･ω･^=)丿,632.0,0,1,6,3,♠10 ♥10,♥9 ♦Q ♣8,176,0.331439393939394,0.4571225869044523,1742.0,0.0,433.0,0.0,0.0,6,bet,20.0,False,True,17.0608,Pair,0.0,473.0,-473.0
2018-03-18 08:24:42,5,9,Flop,SML,67.0,1,2,6,3,♠K ♠3,♥9 ♦Q ♣8,112,0.028273809523809524,0.14585610852283165,1742.0,20.0,433.0,0.0,20.0,1,call,20.0,True,False,7.0624,High Card,0.0,500.0,-500.0
2018-03-18 08:24:42,5,10,Flop,Tobacco AI,2107.0,0,D,6,3,♣A ♠6,♥9 ♦Q ♣8,227,0.07195301027900146,0.2477731537644389,1742.0,40.0,433.0,0.0,20.0,2,call,20.0,True,False,117.0,Straight,3956.0,2540.0,1416.0
2018-03-18 08:24:42,5,11,Turn,ヽ(=^･ω･^=)丿,612.0,0,1,6,3,♠10 ♥10,♥9 ♦Q ♣8 ♠7,168,0.34325396825396826,0.45596515931090276,1802.0,0.0,453.0,0.0,0.0,6,bet,20.0,False,True,17.0608,Pair,0.0,473.0,-473.0
2018-03-18 08:24:42,5,12,Turn,SML,47.0,1,2,6,3,♠K ♠3,♥9 ♦Q ♣8 ♠7,398,0.028475711892797323,0.16464051273298466,1802.0,20.0,453.0,0.0,20.0,1,call,20.0,True,False,7.0624,High Card,0.0,500.0,-500.0
2018-03-18 08:24:42,5,13,Turn,Tobacco AI,2087.0,0,D,6,3,♣A ♠6,♥9 ♦Q ♣8 ♠7,347,0.12055715658021132,0.2955861825892277,1802.0,40.0,453.0,0.0,20.0,2,call,20.0,True,False,117.0,Straight,3956.0,2540.0,1416.0
2018-03-18 08:24:42,5,14,River,ヽ(=^･ω･^=)丿,592.0,0,1,6,3,♠10 ♥10,♥9 ♦Q ♣8 ♠7 ♣5,160,0.075,0.26339134382131846,1862.0,0.0,473.0,0.0,0.0,6,fold,0.0,False,True,17.0608,Pair,0.0,473.0,-473.0
2018-03-18 08:24:42,5,15,River,SML,27.0,1,2,6,2,♠K ♠3,♥9 ♦Q ♣8 ♠7 ♣5,164,0.0,0.0,1862.0,0.0,473.0,0.0,0.0,6,bet,20.0,True,False,7.0624,High Card,0.0,500.0,-500.0
2018-03-18 08:24:42,5,16,River,Tobacco AI,2067.0,0,D,6,2,♣A ♠6,♥9 ♦Q ♣8 ♠7 ♣5,160,0.5822916666666667,0.3957222980232195,1862.0,20.0,473.0,0.0,20.0,1,allin,2067.0,True,False,117.0,Straight,3956.0,2540.0,1416.0
2018-03-18 08:24:42,5,17,River,SML,7.0,1,2,6,2,♠K ♠3,♥9 ♦Q ♣8 ♠7 ♣5,187,0.0,0.0,1862.0,2087.0,473.0,20.0,2047.0,1,allin,7.0,True,False,7.0624,High Card,0.0,500.0,-500.0
2018-03-18 08:24:42,6,1,Deal,SML,1000.0,2,1,6,6,♦A ♦Q,,60000,0.3066263227513385,0.38511412044446497,0.0,30.0,0.0,0.0,20.0,1,call,20.0,False,False,21.0776,Pair,1456.0,575.0,881.0
2018-03-18 08:24:42,6,2,Deal,PCB,895.0,0,2,6,6,♣8 ♦10,,60000,0.18587962962962298,0.3237717976039538,0.0,50.0,0.0,0.0,20.0,2,call,20.0,False,True,8.0424,High Card,0.0,266.0,-266.0
2018-03-18 08:24:42,6,3,Deal,Tobacco AI,3956.0,0,3,6,6,♦3 ♥6,,60000,0.11995714285715078,0.27752910414421295,0.0,70.0,0.0,0.0,20.0,3,call,20.0,False,True,29.2048,Two Pair,0.0,20.0,-20.0
2018-03-18 08:24:42,6,4,Deal,Out Bluffed,930.0,0,D,6,6,♣K ♠9,,60000,0.21013849206347995,0.3313972956554497,0.0,90.0,0.0,0.0,20.0,4,fold,0.0,False,True,8.1352,High Card,0.0,0.0,0.0
2018-03-18 08:24:42,6,5,Deal,Im Not Kao Chin,617.0,0,SB,6,5,♠2 ♠Q,,60000,0.18265939153438576,0.331314233246352,0.0,90.0,0.0,10.0,10.0,4,call,10.0,False,True,123.2817,Flush,0.0,20.0,-20.0
2018-03-18 08:24:42,6,6,Deal,ヽ(=^･ω･^=)丿,572.0,0,BB,6,5,♣Q ♥J,,60000,0.23990158730158043,0.35118224942565546,0.0,100.0,0.0,20.0,0.0,5,bet,246.0,False,False,18.2568,Pair,0.0,575.0,-575.0
2018-03-18 08:24:42,6,7,Deal,SML,980.0,2,1,6,5,♦A ♦Q,,60000,0.3066263227513385,0.38511412044446497,0.0,346.0,0.0,20.0,246.0,1,call,246.0,False,False,21.0776,Pair,1456.0,575.0,881.0
2018-03-18 08:24:42,6,8,Deal,PCB,875.0,0,2,6,5,♣8 ♦10,,60000,0.18587962962962298,0.3237717976039538,0.0,592.0,0.0,20.0,246.0,2,call,246.0,False,True,8.0424,High Card,0.0,266.0,-266.0
2018-03-18 08:24:42,6,9,Deal,Tobacco AI,3936.0,0,3,6,5,♦3 ♥6,,60000,0.11995714285715078,0.27752910414421295,0.0,838.0,0.0,20.0,246.0,3,fold,0.0,False,True,29.2048,Two Pair,0.0,20.0,-20.0
2018-03-18 08:24:42,6,10,Deal,Im Not Kao Chin,607.0,0,SB,6,4,♠2 ♠Q,,60000,0.18265939153438576,0.331314233246352,0.0,838.0,0.0,20.0,246.0,3,fold,0.0,False,True,123.2817,Flush,0.0,20.0,-20.0
2018-03-18 08:24:42,6,11,Flop,ヽ(=^･ω･^=)丿,326.0,0,BB,6,3,♣Q ♥J,♣6 ♠J ♣2,180,0.4435185185185185,0.4884985464706913,838.0,0.0,266.0,0.0,0.0,6,bet,269.0,False,False,18.2568,Pair,0.0,575.0,-575.0
2018-03-18 08:24:42,6,12,Flop,SML,734.0,2,1,6,3,♦A ♦Q,♣6 ♠J ♣2,257,0.13359273670557714,0.33605879575720565,838.0,269.0,266.0,0.0,269.0,1,call,269.0,False,False,21.0776,Pair,1456.0,575.0,881.0
2018-03-18 08:24:42,6,13,Flop,PCB,629.0,0,2,6,3,♣8 ♦10,♣6 ♠J ♣2,137,0.08759124087591241,0.2761691155093812,838.0,538.0,266.0,0.0,269.0,2,fold,0.0,False,True,8.0424,High Card,0.0,266.0,-266.0
2018-03-18 08:24:42,6,14,Turn,ヽ(=^･ω･^=)丿,57.0,0,BB,6,2,♣Q ♥J,♣6 ♠J ♣2 ♠3,174,0.40229885057471265,0.4903615863839435,1376.0,0.0,535.0,0.0,0.0,6,bet,20.0,False,False,18.2568,Pair,0.0,575.0,-575.0
2018-03-18 08:24:42,6,15,Turn,SML,465.0,2,1,6,2,♦A ♦Q,♣6 ♠J ♣2 ♠3,173,0.10404624277456648,0.305320523612584,1376.0,20.0,535.0,0.0,20.0,1,call,20.0,False,False,21.0776,Pair,1456.0,575.0,881.0
2018-03-18 08:24:42,6,16,River,ヽ(=^･ω･^=)丿,37.0,0,BB,6,2,♣Q ♥J,♣6 ♠J ♣2 ♠3 ♠A,117,0.19658119658119658,0.3919993947168761,1416.0,0.0,555.0,0.0,0.0,6,bet,20.0,False,False,18.2568,Pair,0.0,575.0,-575.0
2018-03-18 08:24:42,6,17,River,SML,445.0,2,1,6,2,♦A ♦Q,♣6 ♠J ♣2 ♠3 ♠A,164,0.3567073170731707,0.47100451781285396,1416.0,20.0,555.0,0.0,20.0,1,call,20.0,False,False,21.0776,Pair,1456.0,575.0,881.0
2018-03-18 08:24:42,7,1,Deal,PCB,629.0,0,1,6,6,♦9 ♣A,,60000,0.21939880952379492,0.3343776576469348,0.0,60.0,0.0,0.0,40.0,1,fold,0.0,False,True,113.0,Straight,0.0,0.0,0.0
2018-03-18 08:24:42,7,2,Deal,Tobacco AI,3936.0,0,2,6,5,♣6 ♦A,,60000,0.19578108465607355,0.32287853643385694,0.0,60.0,0.0,0.0,40.0,1,call,40.0,False,True,114.0,Straight,0.0,40.0,-40.0
2018-03-18 08:24:42,7,3,Deal,Out Bluffed,930.0,0,3,6,5,♥6 ♦4,,60000,0.13462169312170374,0.2931111136289798,0.0,100.0,0.0,0.0,40.0,2,fold,0.0,False,True,114.0,Straight,0.0,0.0,0.0
2018-03-18 08:24:42,7,4,Deal,Im Not Kao Chin,607.0,0,D,6,4,♣3 ♣7,,60000,0.15086759259259644,0.3109009459740242,0.0,100.0,0.0,0.0,40.0,2,call,40.0,False,True,10.0052,Pair,0.0,80.0,-80.0
2018-03-18 08:24:42,7,5,Deal,ヽ(=^･ω･^=)丿,997.0,1,SB,6,4,♦7 ♥3,,60000,0.11093505291006012,0.26263377084944034,0.0,140.0,0.0,20.0,20.0,3,call,20.0,False,True,10.0052,Pair,0.0,120.0,-120.0
2018-03-18 08:24:42,7,6,Deal,SML,1841.0,2,BB,6,4,♣9 ♣8,,60000,0.2189730158730014,0.3532399685089003,0.0,160.0,0.0,40.0,0.0,4,call,0.0,False,False,15.007,Pair,360.0,120.0,240.0
2018-03-18 08:24:42,7,7,Flop,ヽ(=^･ω･^=)丿,977.0,1,SB,6,4,♦7 ♥3,♥8 ♥4 ♦5,181,0.12523020257826886,0.3104018649853644,160.0,0.0,40.0,0.0,0.0,6,bet,40.0,False,True,10.0052,Pair,0.0,120.0,-120.0
2018-03-18 08:24:42,7,8,Flop,SML,1841.0,2,BB,6,4,♣9 ♣8,♥8 ♥4 ♦5,169,0.26528599605522685,0.43830939074988706,160.0,40.0,40.0,0.0,40.0,1,call,40.0,False,False,15.007,Pair,360.0,120.0,240.0
2018-03-18 08:24:42,7,9,Flop,Tobacco AI,3896.0,0,2,6,4,♣6 ♦A,♥8 ♥4 ♦5,181,0.13167587476979742,0.3084700805334821,160.0,80.0,40.0,0.0,40.0,2,fold,0.0,False,True,114.0,Straight,0.0,40.0,-40.0
2018-03-18 08:24:42,7,10,Flop,Im Not Kao Chin,567.0,0,D,6,3,♣3 ♣7,♥8 ♥4 ♦5,181,0.11970534069981582,0.2880444198781145,160.0,80.0,40.0,0.0,40.0,2,call,40.0,False,True,10.0052,Pair,0.0,80.0,-80.0
2018-03-18 08:24:42,7,11,Turn,ヽ(=^･ω･^=)丿,937.0,1,SB,6,3,♦7 ♥3,♥8 ♥4 ♦5 ♠2,172,0.12015503875968991,0.2927319005968869,280.0,0.0,80.0,0.0,0.0,6,bet,40.0,False,True,10.0052,Pair,0.0,120.0,-120.0
2018-03-18 08:24:42,7,12,Turn,SML,1801.0,2,BB,6,3,♣9 ♣8,♥8 ♥4 ♦5 ♠2,172,0.24709302325581395,0.4296330675611721,280.0,40.0,80.0,0.0,40.0,1,call,40.0,False,False,15.007,Pair,360.0,120.0,240.0
2018-03-18 08:24:42,7,13,Turn,Im Not Kao Chin,527.0,0,D,6,3,♣3 ♣7,♥8 ♥4 ♦5 ♠2,167,0.08682634730538923,0.2506401142090581,280.0,80.0,80.0,0.0,40.0,2,fold,0.0,False,True,10.0052,Pair,0.0,80.0,-80.0
2018-03-18 08:24:42,7,14,River,ヽ(=^･ω･^=)丿,897.0,1,SB,6,2,♦7 ♥3,♥8 ♥4 ♦5 ♠2 ♠3,166,0.0,0.0,360.0,0.0,120.0,0.0,0.0,6,fold,0.0,False,True,10.0052,Pair,0.0,120.0,-120.0
2018-03-18 08:24:42,7,15,River,SML,1761.0,2,BB,6,1,♣9 ♣8,♥8 ♥4 ♦5 ♠2 ♠3,164,0.018292682926829267,0.13400768887704825,360.0,0.0,120.0,0.0,0.0,6,call,0.0,False,False,15.007,Pair,360.0,120.0,240.0
2018-03-18 08:24:42,8,1,Deal,Tobacco AI,3896.0,0,1,6,6,♦2 ♣2,,60000,0.15909060846560297,0.3307234018817638,0.0,60.0,0.0,0.0,40.0,1,fold,0.0,False,True,67.1024,Two Pair,0.0,0.0,0.0
2018-03-18 08:24:42,8,2,Deal,Out Bluffed,930.0,0,2,6,5,♣6 ♦8,,60000,0.15288452380952763,0.3015678259852209,0.0,60.0,0.0,0.0,40.0,1,fold,0.0,False,True,19.1312,Pair,0.0,0.0,0.0
2018-03-18 08:24:42,8,3,Deal,Im Not Kao Chin,527.0,0,3,6,4,♣9 ♥A,,60000,0.21939880952379492,0.3343776576469348,0.0,60.0,0.0,0.0,40.0,1,call,40.0,False,True,19.3328,Pair,0.0,80.0,-80.0
2018-03-18 08:24:42,8,4,Deal,ヽ(=^･ω･^=)丿,897.0,1,D,6,4,♦K ♥4,,60000,0.16549087301587134,0.30360273286549155,0.0,100.0,0.0,0.0,40.0,2,call,40.0,False,True,87.0256,Two Pair,0.0,686.0,-686.0
2018-03-18 08:24:42,8,5,Deal,SML,2101.0,2,SB,6,4,♥6 ♦7,,60000,0.1558227513227553,0.306818308287931,0.0,140.0,0.0,20.0,20.0,3,call,20.0,False,False,19.1296,Pair,1532.0,726.0,806.0
2018-03-18 08:24:42,8,6,Deal,PCB,589.0,0,BB,6,4,♣7 ♦Q,,60000,0.16613068783068705,0.3026170498392896,0.0,160.0,0.0,40.0,0.0,4,fold,0.0,False,True,110.12799999999999,Three of a Kind,0.0,40.0,-40.0
2018-03-18 08:24:42,8,7,Flop,SML,2081.0,2,SB,6,3,♥6 ♦7,♠Q ♣K ♣4,408,0.061274509803921566,0.237264523382937,160.0,0.0,40.0,0.0,0.0,6,bet,40.0,False,False,19.1296,Pair,1532.0,726.0,806.0
2018-03-18 08:24:42,8,8,Flop,Im Not Kao Chin,487.0,0,3,6,3,♣9 ♥A,♠Q ♣K ♣4,111,0.1201201201201201,0.3220081906729176,160.0,40.0,40.0,0.0,40.0,1,call,40.0,False,True,19.3328,Pair,0.0,80.0,-80.0
2018-03-18 08:24:42,8,9,Flop,ヽ(=^･ω･^=)丿,857.0,1,D,6,3,♦K ♥4,♠Q ♣K ♣4,184,0.625,0.4727636140637398,160.0,80.0,40.0,0.0,40.0,2,bet,646.0,False,True,87.0256,Two Pair,0.0,686.0,-686.0
2018-03-18 08:24:42,8,10,Flop,SML,2041.0,2,SB,6,3,♥6 ♦7,♠Q ♣K ♣4,182,0.07692307692307693,0.26646935501059654,160.0,726.0,40.0,40.0,606.0,1,call,606.0,False,False,19.1296,Pair,1532.0,726.0,806.0
2018-03-18 08:24:42,8,11,Flop,Im Not Kao Chin,447.0,0,3,6,3,♣9 ♥A,♠Q ♣K ♣4,256,0.1328125,0.3364821166774692,160.0,1332.0,40.0,40.0,606.0,2,fold,0.0,False,True,19.3328,Pair,0.0,80.0,-80.0
2018-03-18 08:24:42,8,12,Turn,SML,1435.0,2,SB,6,2,♥6 ♦7,♠Q ♣K ♣4 ♣Q,178,0.03651685393258427,0.18379031239275945,1492.0,0.0,686.0,0.0,0.0,6,bet,40.0,False,False,19.1296,Pair,1532.0,726.0,806.0
2018-03-18 08:24:42,8,13,Turn,ヽ(=^･ω･^=)丿,211.0,1,D,6,2,♦K ♥4,♠Q ♣K ♣4 ♣Q,171,0.30116959064327486,0.43978396753475696,1492.0,40.0,686.0,0.0,40.0,1,fold,0.0,False,True,87.0256,Two Pair,0.0,686.0,-686.0
2018-03-18 08:24:42,9,1,Deal,Out Bluffed,930.0,0,1,6,6,♣10 ♦6,,60000,0.14865727513228177,0.29346329040224284,0.0,60.0,0.0,0.0,40.0,1,call,40.0,False,False,54.0064,Two Pair,560.0,160.0,400.0
2018-03-18 08:24:42,9,2,Deal,Im Not Kao Chin,447.0,0,2,6,6,♦2 ♦4,,60000,0.148302910052912,0.31333548633177594,0.0,100.0,0.0,0.0,40.0,2,fold,0.0,False,True,10.02,Pair,0.0,0.0,0.0
2018-03-18 08:24:42,9,3,Deal,ヽ(=^･ω･^=)丿,1211.0,2,3,6,5,♣5 ♠5,,60000,0.19205119047616495,0.33438694537296887,0.0,100.0,0.0,0.0,40.0,2,call,40.0,False,True,26.0128,Two Pair,0.0,80.0,-80.0
2018-03-18 08:24:42,9,4,Deal,SML,2927.0,2,D,6,5,♠J ♥K,,60000,0.2459125661375577,0.3527802526087985,0.0,140.0,0.0,0.0,40.0,3,call,40.0,False,True,10.1408,Pair,0.0,120.0,-120.0
2018-03-18 08:24:42,9,5,Deal,PCB,569.0,0,SB,6,5,♥6 ♥9,,60000,0.19076679894179088,0.33783565333358145,0.0,180.0,0.0,20.0,20.0,4,call,20.0,False,False,47.0128,Two Pair,0.0,160.0,-160.0
2018-03-18 08:24:42,9,6,Deal,Tobacco AI,3856.0,0,BB,6,5,♥J ♠7,,60000,0.1639738095238095,0.30285615617638667,0.0,200.0,0.0,40.0,0.0,5,call,0.0,False,True,10.0448,Pair,0.0,40.0,-40.0
2018-03-18 08:24:42,9,7,Flop,PCB,549.0,0,SB,6,5,♥6 ♥9,♠3 ♠9 ♣6,101,0.5346534653465347,0.4987976917944554,200.0,0.0,40.0,0.0,0.0,6,check,0.0,False,False,47.0128,Two Pair,0.0,160.0,-160.0
2018-03-18 08:24:42,9,8,Flop,Tobacco AI,3856.0,0,BB,6,5,♥J ♠7,♠3 ♠9 ♣6,295,0.11807909604519773,0.3175543332603743,200.0,0.0,40.0,0.0,0.0,6,fold,0.0,False,True,10.0448,Pair,0.0,40.0,-40.0
2018-03-18 08:24:42,9,9,Flop,Out Bluffed,890.0,0,1,6,4,♣10 ♦6,♠3 ♠9 ♣6,179,0.25977653631284914,0.43370813153556376,200.0,0.0,40.0,0.0,0.0,6,bet,40.0,False,False,54.0064,Two Pair,560.0,160.0,400.0
2018-03-18 08:24:42,9,10,Flop,ヽ(=^･ω･^=)丿,1171.0,2,3,6,4,♣5 ♠5,♠3 ♠9 ♣6,187,0.12032085561497326,0.3148956261056104,200.0,40.0,40.0,0.0,40.0,1,call,40.0,False,True,26.0128,Two Pair,0.0,80.0,-80.0
2018-03-18 08:24:42,9,11,Flop,SML,2887.0,2,D,6,4,♠J ♥K,♠3 ♠9 ♣6,263,0.09885931558935361,0.29847303280289533,200.0,80.0,40.0,0.0,40.0,2,call,40.0,False,True,10.1408,Pair,0.0,120.0,-120.0
2018-03-18 08:24:42,9,12,Flop,PCB,549.0,0,SB,6,4,♥6 ♥9,♠3 ♠9 ♣6,182,0.5824175824175825,0.49316056422674454,200.0,120.0,40.0,0.0,40.0,3,call,40.0,False,False,47.0128,Two Pair,0.0,160.0,-160.0
2018-03-18 08:24:42,9,13,Turn,PCB,509.0,0,SB,6,4,♥6 ♥9,♠3 ♠9 ♣6 ♥10,170,0.5882352941176471,0.49215295678475035,360.0,0.0,80.0,0.0,0.0,6,check,0.0,False,False,47.0128,Two Pair,0.0,160.0,-160.0
2018-03-18 08:24:42,9,14,Turn,Out Bluffed,850.0,0,1,6,4,♣10 ♦6,♠3 ♠9 ♣6 ♥10,215,0.5465116279069767,0.496662740470602,360.0,0.0,80.0,0.0,0.0,6,bet,40.0,False,False,54.0064,Two Pair,560.0,160.0,400.0
2018-03-18 08:24:42,9,15,Turn,ヽ(=^･ω･^=)丿,1131.0,2,3,6,4,♣5 ♠5,♠3 ♠9 ♣6 ♥10,118,0.059322033898305086,0.2362264383858704,360.0,40.0,80.0,0.0,40.0,1,fold,0.0,False,True,26.0128,Two Pair,0.0,80.0,-80.0
2018-03-18 08:24:42,9,16,Turn,SML,2847.0,2,D,6,3,♠J ♥K,♠3 ♠9 ♣6 ♥10,277,0.12274368231046931,0.3225950440724203,360.0,40.0,80.0,0.0,40.0,1,call,40.0,False,True,10.1408,Pair,0.0,120.0,-120.0
2018-03-18 08:24:42,9,17,Turn,PCB,509.0,0,SB,6,3,♥6 ♥9,♠3 ♠9 ♣6 ♥10,107,0.616822429906542,0.4861610020052319,360.0,80.0,80.0,0.0,40.0,2,call,40.0,False,False,47.0128,Two Pair,0.0,160.0,-160.0
2018-03-18 08:24:42,9,18,River,PCB,469.0,0,SB,6,3,♥6 ♥9,♠3 ♠9 ♣6 ♥10 ♦3,308,0.4837662337662338,0.49973639534645403,480.0,0.0,120.0,0.0,0.0,6,check,0.0,False,False,47.0128,Two Pair,0.0,160.0,-160.0
2018-03-18 08:24:42,9,19,River,Out Bluffed,810.0,0,1,6,3,♣10 ♦6,♠3 ♠9 ♣6 ♥10 ♦3,101,0.6039603960396039,0.4890728330783552,480.0,0.0,120.0,0.0,0.0,6,bet,40.0,False,False,54.0064,Two Pair,560.0,160.0,400.0
2018-03-18 08:24:42,9,20,River,SML,2807.0,2,D,6,3,♠J ♥K,♠3 ♠9 ♣6 ♥10 ♦3,163,0.0,0.0,480.0,40.0,120.0,0.0,40.0,1,fold,0.0,False,True,10.1408,Pair,0.0,120.0,-120.0
2018-03-18 08:24:42,9,21,River,PCB,469.0,0,SB,6,2,♥6 ♥9,♠3 ♠9 ♣6 ♥10 ♦3,162,0.4876543209876543,0.49984756097206695,480.0,40.0,120.0,0.0,40.0,1,call,40.0,False,False,47.0128,Two Pair,0.0,160.0,-160.0
2018-03-18 08:24:42,10,1,Deal,Im Not Kao Chin,447.0,0,1,6,6,♦J ♦K,,60000,0.2832411375661355,0.3779799835792342,0.0,60.0,0.0,0.0,40.0,1,call,40.0,False,False,111.0288,Three of a Kind,800.0,280.0,520.0
2018-03-18 08:24:42,10,2,Deal,ヽ(=^･ω･^=)丿,1131.0,2,2,6,6,♠8 ♥3,,60000,0.10733544973545646,0.2560202717107042,0.0,100.0,0.0,0.0,40.0,2,fold,0.0,False,True,83.0002,Two Pair,0.0,0.0,0.0
2018-03-18 08:24:42,10,3,Deal,SML,2807.0,2,3,6,5,♥6 ♦3,,60000,0.11995714285715078,0.27752910414421295,0.0,100.0,0.0,0.0,40.0,2,call,40.0,False,True,20.0042,Pair,0.0,200.0,-200.0
2018-03-18 08:24:42,10,4,Deal,PCB,429.0,0,D,6,5,♣10 ♦9,,60000,0.2047022486772379,0.3348812754766437,0.0,140.0,0.0,0.0,40.0,3,call,40.0,False,True,20.0224,Pair,0.0,40.0,-40.0
2018-03-18 08:24:42,10,5,Deal,Tobacco AI,3836.0,0,SB,6,5,♦4 ♣2,,60000,0.10847129629630096,0.26740961286890463,0.0,180.0,0.0,20.0,20.0,4,call,20.0,False,True,79.0032,Two Pair,0.0,40.0,-40.0
2018-03-18 08:24:42,10,6,Deal,Out Bluffed,1290.0,0,BB,6,5,♣5 ♠9,,60000,0.13342936507937722,0.28109405158180006,0.0,200.0,0.0,40.0,0.0,5,call,0.0,False,True,20.01,Pair,0.0,240.0,-240.0
2018-03-18 08:24:42,10,7,Flop,Tobacco AI,3816.0,0,SB,6,5,♦4 ♣2,♠K ♥K ♣4,188,0.1427304964539007,0.32641815078902847,200.0,0.0,40.0,0.0,0.0,6,check,0.0,False,True,79.0032,Two Pair,0.0,40.0,-40.0
2018-03-18 08:24:42,10,8,Flop,Out Bluffed,1290.0,0,BB,6,5,♣5 ♠9,♠K ♥K ♣4,186,0.07258064516129033,0.24493855032767056,200.0,0.0,40.0,0.0,0.0,6,bet,40.0,False,True,20.01,Pair,0.0,240.0,-240.0
2018-03-18 08:24:42,10,9,Flop,Im Not Kao Chin,407.0,0,1,6,5,♦J ♦K,♠K ♥K ♣4,178,0.8820224719101124,0.3046684688304775,200.0,40.0,40.0,0.0,40.0,1,raise,80.0,False,False,111.0288,Three of a Kind,800.0,280.0,520.0
2018-03-18 08:24:42,10,10,Flop,SML,2767.0,2,3,6,5,♥6 ♦3,♠K ♥K ♣4,183,0.09153005464480875,0.2841858429954128,200.0,120.0,40.0,0.0,80.0,1,call,80.0,False,True,20.0042,Pair,0.0,200.0,-200.0
2018-03-18 08:24:42,10,11,Flop,PCB,389.0,0,D,6,5,♣10 ♦9,♠K ♥K ♣4,178,0.11329588014981275,0.30669475298107557,200.0,200.0,40.0,0.0,80.0,2,fold,0.0,False,True,20.0224,Pair,0.0,40.0,-40.0
2018-03-18 08:24:42,10,12,Flop,Tobacco AI,3816.0,0,SB,6,4,♦4 ♣2,♠K ♥K ♣4,258,0.16085271317829458,0.337934338904487,200.0,200.0,40.0,0.0,80.0,2,fold,0.0,False,True,79.0032,Two Pair,0.0,40.0,-40.0
2018-03-18 08:24:42,10,13,Flop,Out Bluffed,1250.0,0,BB,6,3,♣5 ♠9,♠K ♥K ♣4,181,0.04696132596685083,0.20826604226487033,200.0,200.0,40.0,40.0,40.0,2,call,40.0,False,True,20.01,Pair,0.0,240.0,-240.0
2018-03-18 08:24:42,10,14,Turn,Out Bluffed,1210.0,0,BB,6,3,♣5 ♠9,♠K ♥K ♣4 ♥2,181,0.049723756906077346,0.21737365273929285,440.0,0.0,120.0,0.0,0.0,6,bet,40.0,False,True,20.01,Pair,0.0,240.0,-240.0
2018-03-18 08:24:42,10,15,Turn,Im Not Kao Chin,327.0,0,1,6,3,♦J ♦K,♠K ♥K ♣4 ♥2,172,0.8401162790697675,0.35644561275357417,440.0,40.0,120.0,0.0,40.0,1,raise,80.0,False,False,111.0288,Three of a Kind,800.0,280.0,520.0
2018-03-18 08:24:42,10,16,Turn,SML,2687.0,2,3,6,3,♥6 ♦3,♠K ♥K ♣4 ♥2,172,0.08430232558139535,0.2752125635047767,440.0,120.0,120.0,0.0,80.0,1,call,80.0,False,True,20.0042,Pair,0.0,200.0,-200.0
2018-03-18 08:24:42,10,17,Turn,Out Bluffed,1170.0,0,BB,6,3,♣5 ♠9,♠K ♥K ♣4 ♥2,175,0.03428571428571429,0.18196209517817896,440.0,200.0,120.0,40.0,40.0,2,call,40.0,False,True,20.01,Pair,0.0,240.0,-240.0
2018-03-18 08:24:42,10,18,River,Out Bluffed,1130.0,0,BB,6,3,♣5 ♠9,♠K ♥K ♣4 ♥2 ♦8,164,0.0,0.0,680.0,0.0,200.0,0.0,0.0,6,bet,40.0,False,True,20.01,Pair,0.0,240.0,-240.0
2018-03-18 08:24:42,10,19,River,Im Not Kao Chin,247.0,0,1,6,3,♦J ♦K,♠K ♥K ♣4 ♥2 ♦8,135,0.9037037037037037,0.2886513743466476,680.0,40.0,200.0,0.0,40.0,1,raise,80.0,False,False,111.0288,Three of a Kind,800.0,280.0,520.0
2018-03-18 08:24:42,10,20,River,SML,2607.0,2,3,6,3,♥6 ♦3,♠K ♥K ♣4 ♥2 ♦8,167,0.0,0.0,680.0,120.0,200.0,0.0,80.0,1,fold,0.0,False,True,20.0042,Pair,0.0,200.0,-200.0
2018-03-18 08:24:42,10,21,River,Out Bluffed,1090.0,0,BB,6,2,♣5 ♠9,♠K ♥K ♣4 ♥2 ♦8,164,0.0,0.0,680.0,120.0,200.0,40.0,40.0,1,fold,0.0,False,True,20.01,Pair,0.0,240.0,-240.0
2018-03-18 08:24:42,11,1,Deal,ヽ(=^･ω･^=)丿,1131.0,2,1,6,6,♠9 ♣7,,60000,0.16646137566137384,0.3095503026162837,0.0,60.0,0.0,0.0,40.0,1,call,40.0,False,True,121.0,Straight,0.0,40.0,-40.0
2018-03-18 08:24:42,11,2,Deal,SML,2607.0,2,2,6,6,♦3 ♥3,,60000,0.16737341269840375,0.33134203678972823,0.0,100.0,0.0,0.0,40.0,2,call,40.0,False,False,10.1792,Pair,0.0,160.0,-160.0
2018-03-18 08:24:42,11,3,Deal,PCB,389.0,0,3,6,6,♣4 ♥8,,60000,0.12135132275133302,0.2706598495477484,0.0,140.0,0.0,0.0,40.0,3,call,40.0,False,True,7.0928,High Card,0.0,40.0,-40.0
2018-03-18 08:24:42,11,4,Deal,Tobacco AI,3816.0,0,D,6,6,♥10 ♠6,,60000,0.14865727513228177,0.29346329040224284,0.0,180.0,0.0,0.0,40.0,4,fold,0.0,False,True,17.1792,Pair,0.0,0.0,0.0
2018-03-18 08:24:42,11,5,Deal,Out Bluffed,1070.0,0,SB,6,5,♥9 ♥J,,60000,0.24149100529098952,0.36257172315046454,0.0,180.0,0.0,20.0,20.0,4,fold,0.0,False,True,121.0,Straight,0.0,20.0,-20.0
2018-03-18 08:24:42,11,6,Deal,Im Not Kao Chin,927.0,0,BB,6,4,♥Q ♦10,,60000,0.23180277777776556,0.34862435250359963,0.0,180.0,0.0,40.0,0.0,4,call,0.0,False,False,75.1024,Two Pair,420.0,160.0,260.0
2018-03-18 08:24:42,11,7,Flop,Im Not Kao Chin,927.0,0,BB,6,4,♥Q ♦10,♦Q ♠J ♠10,111,0.32732732732732733,0.45680700147936054,180.0,0.0,40.0,0.0,0.0,6,bet,40.0,False,False,75.1024,Two Pair,420.0,160.0,260.0
2018-03-18 08:24:42,11,8,Flop,ヽ(=^･ω･^=)丿,1091.0,2,1,6,4,♠9 ♣7,♦Q ♠J ♠10,211,0.14889415481832544,0.302014194768322,180.0,40.0,40.0,0.0,40.0,1,fold,0.0,False,True,121.0,Straight,0.0,40.0,-40.0
2018-03-18 08:24:42,11,9,Flop,SML,2567.0,2,2,6,3,♦3 ♥3,♦Q ♠J ♠10,181,0.03222836095764273,0.1653873757873073,180.0,40.0,40.0,0.0,40.0,1,call,40.0,False,False,10.1792,Pair,0.0,160.0,-160.0
2018-03-18 08:24:42,11,10,Flop,PCB,349.0,0,3,6,3,♣4 ♥8,♦Q ♠J ♠10,311,0.02572347266881029,0.1377975976176586,180.0,80.0,40.0,0.0,40.0,2,fold,0.0,False,True,7.0928,High Card,0.0,40.0,-40.0
2018-03-18 08:24:42,11,11,Turn,Im Not Kao Chin,887.0,0,BB,6,2,♥Q ♦10,♦Q ♠J ♠10 ♦K,169,0.11834319526627218,0.29924101321870494,260.0,0.0,80.0,0.0,0.0,6,bet,40.0,False,False,75.1024,Two Pair,420.0,160.0,260.0
2018-03-18 08:24:42,11,12,Turn,SML,2527.0,2,2,6,2,♦3 ♥3,♦Q ♠J ♠10 ♦K,174,0.022988505747126436,0.08995675771550879,260.0,40.0,80.0,0.0,40.0,1,call,40.0,False,False,10.1792,Pair,0.0,160.0,-160.0
2018-03-18 08:24:42,11,13,River,Im Not Kao Chin,847.0,0,BB,6,2,♥Q ♦10,♦Q ♠J ♠10 ♦K ♥7,433,0.06812933025404157,0.2508193720740776,340.0,0.0,120.0,0.0,0.0,6,bet,40.0,False,False,75.1024,Two Pair,420.0,160.0,260.0
2018-03-18 08:24:42,11,14,River,SML,2487.0,2,2,6,2,♦3 ♥3,♦Q ♠J ♠10 ♦K ♥7,240,0.0,0.0,340.0,40.0,120.0,0.0,40.0,1,call,40.0,False,False,10.1792,Pair,0.0,160.0,-160.0
2018-03-18 08:24:42,12,1,Deal,SML,2447.0,2,1,6,6,♦2 ♦J,,60000,0.17021203703703447,0.3231181526129246,0.0,60.0,0.0,0.0,40.0,1,call,40.0,False,False,18.2208,Pair,0.0,574.0,-574.0
2018-03-18 08:24:42,12,2,Deal,PCB,349.0,0,2,6,6,♣3 ♥7,,60000,0.11093505291006012,0.26263377084944034,0.0,100.0,0.0,0.0,40.0,2,call,40.0,False,True,8.0432,High Card,0.0,80.0,-80.0
2018-03-18 08:24:42,12,3,Deal,Tobacco AI,3816.0,0,3,6,6,♥J ♣A,,60000,0.25920634920633767,0.357297909843967,0.0,140.0,0.0,0.0,40.0,3,bet,80.0,False,False,97.0128,Two Pair,1328.0,574.0,754.0
2018-03-18 08:24:42,12,4,Deal,Out Bluffed,1070.0,0,D,6,6,♦K ♠9,,60000,0.21013849206347995,0.3313972956554497,0.0,220.0,0.0,0.0,80.0,1,fold,0.0,False,True,8.1472,High Card,0.0,0.0,0.0
2018-03-18 08:24:42,12,5,Deal,Im Not Kao Chin,1207.0,0,SB,6,5,♦3 ♣10,,60000,0.12553875661376607,0.2731519624197582,0.0,220.0,0.0,20.0,60.0,1,fold,0.0,False,True,17.2336,Pair,0.0,20.0,-20.0
2018-03-18 08:24:42,12,6,Deal,ヽ(=^･ω･^=)丿,1051.0,2,BB,6,4,♣7 ♥A,,60000,0.2005350529100423,0.3226642216770815,0.0,220.0,0.0,40.0,40.0,1,call,40.0,False,True,21.0416,Pair,0.0,80.0,-80.0
2018-03-18 08:24:42,12,7,Deal,SML,2407.0,2,1,6,4,♦2 ♦J,,60000,0.17021203703703447,0.3231181526129246,0.0,260.0,0.0,40.0,40.0,2,call,40.0,False,False,18.2208,Pair,0.0,574.0,-574.0
2018-03-18 08:24:42,12,8,Deal,PCB,309.0,0,2,6,4,♣3 ♥7,,60000,0.11093505291006012,0.26263377084944034,0.0,300.0,0.0,40.0,40.0,3,call,40.0,False,True,8.0432,High Card,0.0,80.0,-80.0
2018-03-18 08:24:42,12,9,Flop,ヽ(=^･ω･^=)丿,1011.0,2,BB,6,4,♣7 ♥A,♣8 ♣J ♥10,178,0.08895131086142322,0.25792608736462747,340.0,0.0,80.0,0.0,0.0,6,fold,0.0,False,True,21.0416,Pair,0.0,80.0,-80.0
2018-03-18 08:24:42,12,10,Flop,SML,2367.0,2,1,6,3,♦2 ♦J,♣8 ♣J ♥10,109,0.1620795107033639,0.35080998135095703,340.0,0.0,80.0,0.0,0.0,6,bet,40.0,False,False,18.2208,Pair,0.0,574.0,-574.0
2018-03-18 08:24:42,12,11,Flop,PCB,269.0,0,2,6,3,♣3 ♥7,♣8 ♣J ♥10,272,0.03921568627450981,0.16817369410204355,340.0,40.0,80.0,0.0,40.0,1,fold,0.0,False,True,8.0432,High Card,0.0,80.0,-80.0
2018-03-18 08:24:42,12,12,Flop,Tobacco AI,3736.0,0,3,6,2,♥J ♣A,♣8 ♣J ♥10,178,0.3136704119850187,0.45084925963930383,340.0,40.0,80.0,0.0,40.0,1,call,40.0,False,False,97.0128,Two Pair,1328.0,574.0,754.0
2018-03-18 08:24:42,12,13,Turn,SML,2327.0,2,1,6,2,♦2 ♦J,♣8 ♣J ♥10 ♦4,170,0.2411764705882353,0.41735698294274726,420.0,0.0,120.0,0.0,0.0,6,bet,40.0,False,False,18.2208,Pair,0.0,574.0,-574.0
2018-03-18 08:24:42,12,14,Turn,Tobacco AI,3696.0,0,3,6,2,♥J ♣A,♣8 ♣J ♥10 ♦4,170,0.34705882352941175,0.47293532334686544,420.0,40.0,120.0,0.0,40.0,1,call,40.0,False,False,97.0128,Two Pair,1328.0,574.0,754.0
2018-03-18 08:24:42,12,15,River,SML,2287.0,2,1,6,2,♦2 ♦J,♣8 ♣J ♥10 ♦4 ♦A,162,0.18209876543209877,0.37166696910594804,500.0,0.0,160.0,0.0,0.0,6,bet,40.0,False,False,18.2208,Pair,0.0,574.0,-574.0
2018-03-18 08:24:42,12,16,River,Tobacco AI,3656.0,0,3,6,2,♥J ♣A,♣8 ♣J ♥10 ♦4 ♦A,108,0.7361111111111112,0.4327899014134134,500.0,40.0,160.0,0.0,40.0,1,bet,414.0,False,False,97.0128,Two Pair,1328.0,574.0,754.0
2018-03-18 08:24:42,12,17,River,SML,2247.0,2,1,6,2,♦2 ♦J,♣8 ♣J ♥10 ♦4 ♦A,162,0.1728395061728395,0.3571189052869315,500.0,454.0,160.0,40.0,374.0,1,call,374.0,False,False,18.2208,Pair,0.0,574.0,-574.0
2018-03-18 08:24:42,13,1,Deal,PCB,269.0,0,1,6,6,♠3 ♣6,,60000,0.11995714285715078,0.27752910414421295,0.0,120.0,0.0,0.0,80.0,1,call,80.0,False,False,10.112,Pair,800.0,240.0,560.0
2018-03-18 08:24:42,13,2,Deal,Tobacco AI,4570.0,0,2,6,6,♠5 ♠7,,60000,0.17993981481480792,0.3351416989366103,0.0,200.0,0.0,0.0,80.0,2,call,80.0,False,True,12.112,Pair,0.0,80.0,-80.0
2018-03-18 08:24:42,13,3,Deal,Out Bluffed,1070.0,0,3,6,6,♠Q ♣8,,60000,0.18477182539682066,0.3153852453815392,0.0,280.0,0.0,0.0,80.0,3,fold,0.0,False,True,15.16,Pair,0.0,0.0,0.0
2018-03-18 08:24:42,13,4,Deal,Im Not Kao Chin,1207.0,0,D,6,5,♥A ♠4,,60000,0.19635502645501657,0.32618991305829764,0.0,280.0,0.0,0.0,80.0,3,call,80.0,False,True,8.1124,High Card,0.0,160.0,-160.0
2018-03-18 08:24:42,13,5,Deal,ヽ(=^･ω･^=)丿,971.0,2,SB,6,5,♠10 ♥5,,60000,0.13615793650795002,0.28287570695098446,0.0,360.0,0.0,40.0,40.0,4,call,40.0,False,True,12.1216,Pair,0.0,240.0,-240.0
2018-03-18 08:24:42,13,6,Deal,SML,1793.0,2,BB,6,5,♣7 ♦2,,60000,0.09861044973545477,0.24982710622625692,0.0,400.0,0.0,80.0,0.0,5,call,0.0,False,True,7.0116,High Card,0.0,80.0,-80.0
2018-03-18 08:24:42,13,7,Flop,ヽ(=^･ω･^=)丿,931.0,2,SB,6,5,♠10 ♥5,♥9 ♣K ♦3,181,0.06906077348066299,0.25081899365339594,400.0,0.0,80.0,0.0,0.0,6,bet,80.0,False,True,12.1216,Pair,0.0,240.0,-240.0
2018-03-18 08:24:42,13,8,Flop,SML,1793.0,2,BB,6,5,♣7 ♦2,♥9 ♣K ♦3,183,0.04371584699453552,0.20446215228272907,400.0,80.0,80.0,0.0,80.0,1,fold,0.0,False,True,7.0116,High Card,0.0,80.0,-80.0
2018-03-18 08:24:42,13,9,Flop,PCB,189.0,0,1,6,4,♠3 ♣6,♥9 ♣K ♦3,102,0.19607843137254902,0.3844837559044624,400.0,80.0,80.0,0.0,80.0,1,call,80.0,False,False,10.112,Pair,800.0,240.0,560.0
2018-03-18 08:24:42,13,10,Flop,Tobacco AI,4490.0,0,2,6,4,♠5 ♠7,♥9 ♣K ♦3,293,0.06655290102389079,0.2475285237470136,400.0,160.0,80.0,0.0,80.0,2,fold,0.0,False,True,12.112,Pair,0.0,80.0,-80.0
2018-03-18 08:24:42,13,11,Flop,Im Not Kao Chin,1127.0,0,D,6,3,♥A ♠4,♥9 ♣K ♦3,181,0.070902394106814,0.23447598863282898,400.0,160.0,80.0,0.0,80.0,2,call,80.0,False,True,8.1124,High Card,0.0,160.0,-160.0
2018-03-18 08:24:42,13,12,Turn,ヽ(=^･ω･^=)丿,851.0,2,SB,6,3,♠10 ♥5,♥9 ♣K ♦3 ♥8,151,0.019867549668874173,0.13954508281924158,640.0,0.0,160.0,0.0,0.0,6,bet,80.0,False,True,12.1216,Pair,0.0,240.0,-240.0
2018-03-18 08:24:42,13,13,Turn,PCB,109.0,0,1,6,3,♠3 ♣6,♥9 ♣K ♦3 ♥8,174,0.08812260536398468,0.27605490280247447,640.0,80.0,160.0,0.0,80.0,1,call,80.0,False,False,10.112,Pair,800.0,240.0,560.0
2018-03-18 08:24:42,13,14,Turn,Im Not Kao Chin,1047.0,0,D,6,3,♥A ♠4,♥9 ♣K ♦3 ♥8,173,0.0443159922928709,0.1994568677396152,640.0,160.0,160.0,0.0,80.0,2,fold,0.0,False,True,8.1124,High Card,0.0,160.0,-160.0
2018-03-18 08:24:42,13,15,River,ヽ(=^･ω･^=)丿,771.0,2,SB,6,2,♠10 ♥5,♥9 ♣K ♦3 ♥8 ♣5,162,0.043209876543209874,0.20332924804939018,800.0,0.0,240.0,0.0,0.0,6,fold,0.0,False,True,12.1216,Pair,0.0,240.0,-240.0
2018-03-18 08:24:42,13,16,River,PCB,29.0,0,1,6,1,♠3 ♣6,♥9 ♣K ♦3 ♥8 ♣5,164,0.012195121951219513,0.10975609756097561,800.0,0.0,240.0,0.0,0.0,6,call,0.0,False,False,10.112,Pair,800.0,240.0,560.0
2018-03-18 08:24:42,14,1,Deal,Tobacco AI,4490.0,0,1,6,6,♦9 ♠Q,,60000,0.20453320105818956,0.33040871939198246,0.0,120.0,0.0,0.0,80.0,1,call,80.0,False,True,10.0704,Pair,0.0,80.0,-80.0
2018-03-18 08:24:42,14,2,Deal,Out Bluffed,1070.0,0,2,6,6,♠9 ♦Q,,60000,0.20453320105818956,0.33040871939198246,0.0,200.0,0.0,0.0,80.0,2,call,80.0,False,False,10.0704,Pair,0.0,320.0,-320.0
2018-03-18 08:24:42,14,3,Deal,Im Not Kao Chin,1047.0,0,3,6,6,♥J ♦8,,60000,0.18316018518517857,0.3174394636533794,0.0,280.0,0.0,0.0,80.0,3,call,80.0,False,False,38.0256,Two Pair,0.0,320.0,-320.0
2018-03-18 08:24:42,14,4,Deal,ヽ(=^･ω･^=)丿,771.0,2,D,6,6,♣5 ♣8,,60000,0.17570634920634406,0.3295311379801153,0.0,360.0,0.0,0.0,80.0,4,call,80.0,False,True,38.0128,Two Pair,0.0,80.0,-80.0
2018-03-18 08:24:42,14,5,Deal,SML,1753.0,2,SB,6,6,♥K ♣3,,60000,0.16001626984126932,0.2996601140610736,0.0,440.0,0.0,40.0,40.0,5,call,40.0,False,False,101.1152,Three of a Kind,1200.0,320.0,880.0
2018-03-18 08:24:42,14,6,Deal,PCB,749.0,0,BB,6,6,♣K ♠A,,60000,0.2884386243386358,0.37144225724510505,0.0,480.0,0.0,80.0,0.0,6,call,0.0,False,True,10.32,Pair,0.0,80.0,-80.0
2018-03-18 08:24:42,14,7,Flop,SML,1713.0,2,SB,6,6,♥K ♣3,♠4 ♥10 ♥8,180,0.06944444444444445,0.2514617758057038,480.0,0.0,80.0,0.0,0.0,6,bet,80.0,False,False,101.1152,Three of a Kind,1200.0,320.0,880.0
2018-03-18 08:24:42,14,8,Flop,PCB,749.0,0,BB,6,6,♣K ♠A,♠4 ♥10 ♥8,180,0.15555555555555556,0.36243347622889094,480.0,80.0,80.0,0.0,80.0,1,fold,0.0,False,True,10.32,Pair,0.0,80.0,-80.0
2018-03-18 08:24:42,14,9,Flop,Tobacco AI,4410.0,0,1,6,5,♦9 ♠Q,♠4 ♥10 ♥8,111,0.27927927927927926,0.43848985670767393,480.0,80.0,80.0,0.0,80.0,1,fold,0.0,False,True,10.0704,Pair,0.0,80.0,-80.0
2018-03-18 08:24:42,14,10,Flop,Out Bluffed,990.0,0,2,6,4,♠9 ♦Q,♠4 ♥10 ♥8,181,0.20902394106813998,0.4033905930667804,480.0,80.0,80.0,0.0,80.0,1,call,80.0,False,False,10.0704,Pair,0.0,320.0,-320.0
2018-03-18 08:24:42,14,11,Flop,Im Not Kao Chin,967.0,0,3,6,4,♥J ♦8,♠4 ♥10 ♥8,232,0.29885057471264365,0.44957261600219456,480.0,160.0,80.0,0.0,80.0,2,call,80.0,False,False,38.0256,Two Pair,0.0,320.0,-320.0
2018-03-18 08:24:42,14,12,Flop,ヽ(=^･ω･^=)丿,691.0,2,D,6,4,♣5 ♣8,♠4 ♥10 ♥8,180,0.25,0.4297932319409209,480.0,240.0,80.0,0.0,80.0,3,fold,0.0,False,True,38.0128,Two Pair,0.0,80.0,-80.0
2018-03-18 08:24:42,14,13,Turn,SML,1633.0,2,SB,6,3,♥K ♣3,♠4 ♥10 ♥8 ♠3,246,0.0975609756097561,0.2967201234291814,720.0,0.0,160.0,0.0,0.0,6,bet,80.0,False,False,101.1152,Three of a Kind,1200.0,320.0,880.0
2018-03-18 08:24:42,14,14,Turn,Out Bluffed,910.0,0,2,6,3,♠9 ♦Q,♠4 ♥10 ♥8 ♠3,119,0.15126050420168066,0.358302615215594,720.0,80.0,160.0,0.0,80.0,1,call,80.0,False,False,10.0704,Pair,0.0,320.0,-320.0
2018-03-18 08:24:42,14,15,Turn,Im Not Kao Chin,887.0,0,3,6,3,♥J ♦8,♠4 ♥10 ♥8 ♠3,185,0.25675675675675674,0.43217897977858005,720.0,160.0,160.0,0.0,80.0,2,call,80.0,False,False,38.0256,Two Pair,0.0,320.0,-320.0
2018-03-18 08:24:42,14,16,River,SML,1553.0,2,SB,6,3,♥K ♣3,♠4 ♥10 ♥8 ♠3 ♦3,105,0.9285714285714286,0.25287462947336675,960.0,0.0,240.0,0.0,0.0,6,bet,80.0,False,False,101.1152,Three of a Kind,1200.0,320.0,880.0
2018-03-18 08:24:42,14,17,River,Out Bluffed,830.0,0,2,6,3,♠9 ♦Q,♠4 ♥10 ♥8 ♠3 ♦3,152,0.0,0.0,960.0,80.0,240.0,0.0,80.0,1,call,80.0,False,False,10.0704,Pair,0.0,320.0,-320.0
2018-03-18 08:24:42,14,18,River,Im Not Kao Chin,807.0,0,3,6,3,♥J ♦8,♠4 ♥10 ♥8 ♠3 ♦3,176,0.45454545454545453,0.49792959773196915,960.0,160.0,240.0,0.0,80.0,2,call,80.0,False,False,38.0256,Two Pair,0.0,320.0,-320.0
2018-03-18 08:24:42,15,1,Deal,Out Bluffed,750.0,0,1,6,6,♥9 ♠A,,60000,0.21939880952379492,0.3343776576469348,0.0,120.0,0.0,0.0,80.0,1,fold,0.0,False,True,14.224,Pair,0.0,0.0,0.0
2018-03-18 08:24:42,15,2,Deal,Im Not Kao Chin,727.0,0,2,6,5,♣J ♣3,,60000,0.17560410052909647,0.3258657102528209,0.0,120.0,0.0,0.0,80.0,1,call,80.0,False,True,14.0416,Pair,0.0,80.0,-80.0
2018-03-18 08:24:42,15,3,Deal,ヽ(=^･ω･^=)丿,691.0,2,3,6,5,♠4 ♥10,,60000,0.13293783068784293,0.2801332685903269,0.0,200.0,0.0,0.0,80.0,2,fold,0.0,False,True,55.0032,Two Pair,0.0,0.0,0.0
2018-03-18 08:24:42,15,4,Deal,SML,2673.0,2,D,6,4,♥A ♣Q,,60000,0.2736453703703646,0.3632625995942633,0.0,200.0,0.0,0.0,80.0,2,call,80.0,True,False,14.2688,Pair,0.0,2673.0,-2673.0
2018-03-18 08:24:42,15,5,Deal,PCB,709.0,0,SB,6,4,♥3 ♠Q,,60000,0.14486534391535055,0.2879907385181163,0.0,280.0,0.0,40.0,40.0,3,fold,0.0,False,True,14.0672,Pair,0.0,40.0,-40.0
2018-03-18 08:24:42,15,6,Deal,Tobacco AI,4330.0,0,BB,6,3,♦3 ♠7,,60000,0.11093505291006012,0.26263377084944034,0.0,280.0,0.0,80.0,0.0,3,call,0.0,False,False,105.016,Three of a Kind,6383.0,3590.0,2793.0
2018-03-18 08:24:42,15,7,Flop,Tobacco AI,4330.0,0,BB,6,3,♦3 ♠7,♣7 ♦7 ♦10,102,0.6274509803921569,0.46802816714823564,280.0,0.0,80.0,0.0,0.0,6,bet,559.0,False,False,105.016,Three of a Kind,6383.0,3590.0,2793.0
2018-03-18 08:24:42,15,8,Flop,Im Not Kao Chin,647.0,0,2,6,3,♣J ♣3,♣7 ♦7 ♦10,185,0.0846846846846847,0.2746107914165758,280.0,559.0,80.0,0.0,559.0,1,fold,0.0,False,True,14.0416,Pair,0.0,80.0,-80.0
2018-03-18 08:24:42,15,9,Flop,SML,2593.0,2,D,6,2,♥A ♣Q,♣7 ♦7 ♦10,180,0.14444444444444443,0.3515398226568083,280.0,559.0,80.0,0.0,559.0,1,call,559.0,True,False,14.2688,Pair,0.0,2673.0,-2673.0
2018-03-18 08:24:42,15,10,Turn,Tobacco AI,3771.0,0,BB,6,2,♦3 ♠7,♣7 ♦7 ♦10 ♣8,171,0.49707602339181284,0.4821281890863383,1398.0,0.0,639.0,0.0,0.0,6,bet,906.0,False,False,105.016,Three of a Kind,6383.0,3590.0,2793.0
2018-03-18 08:24:42,15,11,Turn,SML,2034.0,2,D,6,2,♥A ♣Q,♣7 ♦7 ♦10 ♣8,220,0.075,0.261225259811597,1398.0,906.0,639.0,0.0,906.0,1,call,906.0,True,False,14.2688,Pair,0.0,2673.0,-2673.0
2018-03-18 08:24:42,15,12,River,Tobacco AI,2865.0,0,BB,6,2,♦3 ♠7,♣7 ♦7 ♦10 ♣8 ♥4,162,0.6080246913580247,0.47699915819758115,3210.0,0.0,1545.0,0.0,0.0,6,bet,2045.0,False,False,105.016,Three of a Kind,6383.0,3590.0,2793.0
2018-03-18 08:24:42,15,13,River,SML,1128.0,2,D,6,2,♥A ♣Q,♣7 ♦7 ♦10 ♣8 ♥4,162,0.006172839506172839,0.0783245527188242,3210.0,2045.0,1545.0,0.0,2045.0,1,allin,1128.0,True,False,14.2688,Pair,0.0,2673.0,-2673.0
2018-03-18 08:24:42,16,1,Deal,Im Not Kao Chin,647.0,0,1,5,5,♠3 ♦K,,60000,0.1945006613756056,0.3085936349937531,0.0,120.0,0.0,0.0,80.0,1,call,80.0,False,True,8.1824,High Card,0.0,160.0,-160.0
2018-03-18 08:24:42,16,2,Deal,ヽ(=^･ω･^=)丿,691.0,2,2,5,5,♠8 ♥6,,60000,0.18349338624335074,0.3093055675691437,0.0,200.0,0.0,0.0,80.0,2,call,80.0,False,True,15.2816,Pair,0.0,160.0,-160.0
2018-03-18 08:24:42,16,3,Deal,PCB,709.0,0,D,5,5,♣Q ♣7,,60000,0.23810701058193132,0.3442913046079921,0.0,280.0,0.0,0.0,80.0,3,call,80.0,False,True,72.2048,Two Pair,0.0,160.0,-160.0
2018-03-18 08:24:42,16,4,Deal,Tobacco AI,7163.0,0,SB,5,5,♠10 ♥3,,60000,0.1536706349206219,0.28374738883325606,0.0,360.0,0.0,40.0,40.0,4,call,40.0,False,True,8.0928,High Card,0.0,160.0,-160.0
2018-03-18 08:24:42,16,5,Deal,Out Bluffed,670.0,0,BB,5,5,♣4 ♠J,,60000,0.17147817460314357,0.2955494699430346,0.0,400.0,0.0,80.0,0.0,5,bet,80.0,False,False,18.2592,Pair,880.0,240.0,640.0
2018-03-18 08:24:42,16,6,Deal,Im Not Kao Chin,567.0,0,1,5,5,♠3 ♦K,,60000,0.1945006613756056,0.3085936349937531,0.0,480.0,0.0,80.0,80.0,1,call,80.0,False,True,8.1824,High Card,0.0,160.0,-160.0
2018-03-18 08:24:42,16,7,Deal,ヽ(=^･ω･^=)丿,611.0,2,2,5,5,♠8 ♥6,,60000,0.18349338624335074,0.3093055675691437,0.0,560.0,0.0,80.0,80.0,2,call,80.0,False,True,15.2816,Pair,0.0,160.0,-160.0
2018-03-18 08:24:42,16,8,Deal,PCB,629.0,0,D,5,5,♣Q ♣7,,60000,0.23810701058193132,0.3442913046079921,0.0,640.0,0.0,80.0,80.0,3,call,80.0,False,True,72.2048,Two Pair,0.0,160.0,-160.0
2018-03-18 08:24:42,16,9,Deal,Tobacco AI,7123.0,0,SB,5,5,♠10 ♥3,,60000,0.1536706349206219,0.28374738883325606,0.0,720.0,0.0,80.0,80.0,4,call,80.0,False,True,8.0928,High Card,0.0,160.0,-160.0
2018-03-18 08:24:42,16,10,Flop,Tobacco AI,7043.0,0,SB,5,5,♠10 ♥3,♦A ♥J ♣8,267,0.07303370786516854,0.2395833047448611,800.0,0.0,160.0,0.0,0.0,6,fold,0.0,False,True,8.0928,High Card,0.0,160.0,-160.0
2018-03-18 08:24:42,16,11,Flop,Out Bluffed,590.0,0,BB,5,4,♣4 ♠J,♦A ♥J ♣8,180,0.2851851851851852,0.4344319722878984,800.0,0.0,160.0,0.0,0.0,6,bet,80.0,False,False,18.2592,Pair,880.0,240.0,640.0
2018-03-18 08:24:42,16,12,Flop,Im Not Kao Chin,487.0,0,1,5,4,♠3 ♦K,♦A ♥J ♣8,268,0.06343283582089553,0.21957932805678357,800.0,80.0,160.0,0.0,80.0,1,fold,0.0,False,True,8.1824,High Card,0.0,160.0,-160.0
2018-03-18 08:24:42,16,13,Flop,ヽ(=^･ω･^=)丿,531.0,2,2,5,3,♠8 ♥6,♦A ♥J ♣8,108,0.2638888888888889,0.43278990141341345,800.0,80.0,160.0,0.0,80.0,1,fold,0.0,False,True,15.2816,Pair,0.0,160.0,-160.0
2018-03-18 08:24:42,16,14,Flop,PCB,549.0,0,D,5,2,♣Q ♣7,♦A ♥J ♣8,181,0.10220994475138122,0.29130223925887444,800.0,80.0,160.0,0.0,80.0,1,fold,0.0,False,True,72.2048,Two Pair,0.0,160.0,-160.0
2018-03-18 08:24:42,17,1,Deal,ヽ(=^･ω･^=)丿,531.0,2,1,5,5,♠J ♠3,,60000,0.20527156084650897,0.33192550381965796,0.0,120.0,0.0,0.0,80.0,1,call,80.0,False,True,123.2339,Flush,0.0,160.0,-160.0
2018-03-18 08:24:42,17,2,Deal,PCB,549.0,0,2,5,5,♥8 ♥6,,60000,0.2227644179893593,0.34469631710597975,0.0,200.0,0.0,0.0,80.0,2,call,80.0,False,True,94.0016,Two Pair,0.0,80.0,-80.0
2018-03-18 08:24:42,17,3,Deal,Tobacco AI,7043.0,0,D,5,5,♥A ♣7,,60000,0.24280277777767814,0.32822675693945497,0.0,280.0,0.0,0.0,80.0,3,call,80.0,False,False,273.0,Full House,999.0,639.0,360.0
2018-03-18 08:24:42,17,4,Deal,Out Bluffed,1350.0,0,SB,5,5,♣4 ♦3,,60000,0.14121005291005528,0.2862246625185476,0.0,360.0,0.0,40.0,40.0,4,fold,0.0,False,True,90.0032,Two Pair,0.0,40.0,-40.0
2018-03-18 08:24:42,17,5,Deal,Im Not Kao Chin,407.0,0,BB,5,4,♦10 ♠7,,60000,0.20105899470894356,0.3172603591787496,0.0,360.0,0.0,80.0,0.0,4,call,0.0,False,True,93.0128,Two Pair,0.0,80.0,-80.0
2018-03-18 08:24:42,17,6,Flop,Im Not Kao Chin,407.0,0,BB,5,4,♦10 ♠7,♠A ♣A ♠4,281,0.131791221826809,0.33492147516919174,360.0,0.0,80.0,0.0,0.0,6,fold,0.0,False,True,93.0128,Two Pair,0.0,80.0,-80.0
2018-03-18 08:24:42,17,7,Flop,ヽ(=^･ω･^=)丿,451.0,2,1,5,3,♠J ♠3,♠A ♣A ♠4,180,0.33166666666666667,0.4654120038560816,360.0,0.0,80.0,0.0,0.0,6,bet,80.0,False,True,123.2339,Flush,0.0,160.0,-160.0
2018-03-18 08:24:42,17,8,Flop,PCB,469.0,0,2,5,3,♥8 ♥6,♠A ♣A ♠4,105,0.11142857142857142,0.30839501129751967,360.0,80.0,80.0,0.0,80.0,1,fold,0.0,False,True,94.0016,Two Pair,0.0,80.0,-80.0
2018-03-18 08:24:42,17,9,Flop,Tobacco AI,6963.0,0,D,5,2,♥A ♣7,♠A ♣A ♠4,181,0.7348066298342542,0.4287378252836732,360.0,80.0,80.0,0.0,80.0,1,bet,559.0,False,False,273.0,Full House,999.0,639.0,360.0
2018-03-18 08:24:42,17,10,Flop,ヽ(=^･ω･^=)丿,371.0,2,1,5,2,♠J ♠3,♠A ♣A ♠4,122,0.3122950819672131,0.45242114952021195,360.0,639.0,80.0,80.0,479.0,1,fold,0.0,False,True,123.2339,Flush,0.0,160.0,-160.0
2018-03-18 08:24:42,18,1,Deal,PCB,469.0,0,1,5,5,♦K ♥5,,60000,0.20757169312162665,0.31504372900535826,0.0,120.0,0.0,0.0,80.0,1,fold,0.0,False,True,20.2624,Pair,0.0,0.0,0.0
2018-03-18 08:24:42,18,2,Deal,Tobacco AI,7403.0,0,2,5,4,♦5 ♥3,,60000,0.1497706349206307,0.29454343524715126,0.0,120.0,0.0,0.0,80.0,1,fold,0.0,False,True,8.1616,High Card,0.0,0.0,0.0
2018-03-18 08:24:42,18,3,Deal,Out Bluffed,1350.0,0,D,5,3,♠2 ♠6,,60000,0.16608968253966344,0.3128677544251712,0.0,120.0,0.0,0.0,80.0,1,call,80.0,False,False,8.1616,High Card,400.0,160.0,240.0
2018-03-18 08:24:42,18,4,Deal,Im Not Kao Chin,367.0,0,SB,5,3,♠10 ♦6,,60000,0.1804177248676877,0.3024604689250246,0.0,200.0,0.0,40.0,40.0,2,call,40.0,False,True,8.1728,High Card,0.0,160.0,-160.0
2018-03-18 08:24:42,18,5,Deal,ヽ(=^･ω･^=)丿,291.0,2,BB,5,3,♦8 ♥4,,60000,0.14850198412697882,0.2808738920984354,0.0,240.0,0.0,80.0,0.0,3,call,0.0,False,True,8.1632,High Card,0.0,80.0,-80.0
2018-03-18 08:24:42,18,6,Flop,Im Not Kao Chin,327.0,0,SB,5,3,♠10 ♦6,♠7 ♠K ♣Q,179,0.11452513966480447,0.31179991647767213,240.0,0.0,80.0,0.0,0.0,6,bet,80.0,False,True,8.1728,High Card,0.0,160.0,-160.0
2018-03-18 08:24:42,18,7,Flop,ヽ(=^･ω･^=)丿,291.0,2,BB,5,3,♦8 ♥4,♠7 ♠K ♣Q,182,0.054945054945054944,0.22787298190470023,240.0,80.0,80.0,0.0,80.0,1,fold,0.0,False,True,8.1632,High Card,0.0,80.0,-80.0
2018-03-18 08:24:42,18,8,Flop,Out Bluffed,1270.0,0,D,5,2,♠2 ♠6,♠7 ♠K ♣Q,127,0.30708661417322836,0.4612856225473011,240.0,80.0,80.0,0.0,80.0,1,call,80.0,False,False,8.1616,High Card,400.0,160.0,240.0
2018-03-18 08:24:42,18,9,Turn,Im Not Kao Chin,247.0,0,SB,5,2,♠10 ♦6,♠7 ♠K ♣Q ♦9,175,0.19428571428571428,0.3883612877153417,400.0,0.0,160.0,0.0,0.0,6,fold,0.0,False,True,8.1728,High Card,0.0,160.0,-160.0
2018-03-18 08:24:42,18,10,Turn,Out Bluffed,1190.0,0,D,5,1,♠2 ♠6,♠7 ♠K ♣Q ♦9,140,0.18571428571428572,0.3888759311090343,400.0,0.0,160.0,0.0,0.0,6,call,0.0,False,False,8.1616,High Card,400.0,160.0,240.0
2018-03-18 08:24:42,19,1,Deal,Tobacco AI,7403.0,0,1,5,5,♣10 ♠2,,60000,0.14837156084655304,0.2815663735849046,0.0,240.0,0.0,0.0,160.0,1,fold,0.0,False,True,8.1192,High Card,0.0,0.0,0.0
2018-03-18 08:24:42,19,2,Deal,Out Bluffed,1590.0,0,2,5,4,♦A ♦5,,60000,0.28010052910041494,0.36272917855698633,0.0,240.0,0.0,0.0,160.0,1,fold,0.0,False,True,91.1024,Two Pair,0.0,0.0,0.0
2018-03-18 08:24:42,19,3,Deal,Im Not Kao Chin,247.0,0,D,5,3,♦3 ♣Q,,60000,0.17700899470895837,0.29784823807985,0.0,240.0,0.0,0.0,160.0,1,call,160.0,False,True,8.1576,High Card,0.0,160.0,-160.0
2018-03-18 08:24:42,19,4,Deal,ヽ(=^･ω･^=)丿,211.0,2,SB,5,3,♠Q ♥9,,60000,0.24363849206340402,0.3361357549877694,0.0,400.0,0.0,80.0,80.0,2,call,80.0,True,False,8.1632,High Card,0.0,291.0,-291.0
2018-03-18 08:24:42,19,5,Deal,PCB,309.0,0,BB,5,3,♥8 ♣4,,60000,0.14850198412697882,0.2808738920984354,0.0,480.0,0.0,160.0,0.0,3,call,0.0,False,False,15.308,Pair,742.0,291.0,451.0
2018-03-18 08:24:42,19,6,Flop,ヽ(=^･ω･^=)丿,131.0,2,SB,5,3,♠Q ♥9,♥6 ♥A ♣8,185,0.12882882882882885,0.3229148552381311,480.0,0.0,160.0,0.0,0.0,6,allin,131.0,True,False,8.1632,High Card,0.0,291.0,-291.0
2018-03-18 08:24:42,19,7,Flop,PCB,309.0,0,BB,5,3,♥8 ♣4,♥6 ♥A ♣8,181,0.3416206261510129,0.462622652458577,480.0,131.0,160.0,0.0,131.0,1,call,131.0,False,False,15.308,Pair,742.0,291.0,451.0
2018-03-18 08:24:42,19,8,Flop,Im Not Kao Chin,87.0,0,D,5,3,♦3 ♣Q,♥6 ♥A ♣8,180,0.07962962962962962,0.26320411477723005,480.0,262.0,160.0,0.0,131.0,2,fold,0.0,False,True,8.1576,High Card,0.0,160.0,-160.0
2018-03-18 08:24:42,20,1,Deal,Out Bluffed,1590.0,0,1,4,4,♥J ♣4,,60000,0.21943154761900766,0.3079733904475794,0.0,240.0,0.0,0.0,160.0,1,fold,0.0,False,True,10.0352,Pair,0.0,0.0,0.0
2018-03-18 08:24:42,20,2,Deal,Im Not Kao Chin,87.0,0,D,4,3,♦9 ♠9,,60000,0.41543511904762187,0.3196478814560249,0.0,240.0,0.0,0.0,160.0,1,allin,87.0,True,False,209.0,Full House,261.0,87.0,174.0
2018-03-18 08:24:42,20,3,Deal,PCB,840.0,0,SB,4,3,♣A ♣K,,60000,0.42451051587299826,0.37875275049608437,0.0,327.0,0.0,80.0,80.0,1,raise,240.0,False,True,10.3136,Pair,0.0,320.0,-320.0
2018-03-18 08:24:42,20,4,Deal,Tobacco AI,7243.0,0,BB,4,3,♠4 ♣5,,60000,0.20804880952379157,0.3178324350815886,0.0,567.0,0.0,160.0,160.0,1,call,160.0,False,False,10.01,Pair,466.0,320.0,146.0
2018-03-18 08:24:42,20,5,Flop,PCB,600.0,0,SB,4,3,♣A ♣K,♠3 ♣9 ♥3,358,0.34334264432029793,0.46813903791589134,727.0,0.0,320.0,0.0,0.0,6,fold,0.0,False,True,10.3136,Pair,0.0,320.0,-320.0
2018-03-18 08:24:42,20,6,Flop,Tobacco AI,7083.0,0,BB,4,2,♠4 ♣5,♠3 ♣9 ♥3,184,0.17255434782608695,0.37470205161047143,727.0,0.0,320.0,0.0,0.0,6,call,0.0,False,False,10.01,Pair,466.0,320.0,146.0
2018-03-18 08:24:42,21,1,Deal,Im Not Kao Chin,261.0,0,1,4,4,♠7 ♥6,,60000,0.23085753968251205,0.323878336330447,0.0,240.0,0.0,0.0,160.0,1,call,160.0,True,False,81.0256,Two Pair,0.0,261.0,-261.0
2018-03-18 08:24:42,21,2,Deal,PCB,600.0,0,D,4,4,♥8 ♣8,,60000,0.3793509920634557,0.32262677083661223,0.0,400.0,0.0,0.0,160.0,2,raise,320.0,False,False,83.0256,Two Pair,1061.0,320.0,741.0
2018-03-18 08:24:42,21,3,Deal,Tobacco AI,7469.0,0,SB,4,4,♠8 ♣A,,60000,0.3168011904761152,0.33522977985627056,0.0,720.0,0.0,80.0,240.0,1,call,240.0,False,True,20.2336,Pair,0.0,320.0,-320.0
2018-03-18 08:24:42,21,4,Deal,Out Bluffed,1430.0,0,BB,4,4,♦6 ♠9,,60000,0.2265732142856807,0.31509382162934985,0.0,960.0,0.0,160.0,160.0,2,fold,0.0,False,True,81.0256,Two Pair,0.0,160.0,-160.0
2018-03-18 08:24:42,21,5,Deal,Im Not Kao Chin,101.0,0,1,4,3,♠7 ♥6,,60000,0.23085753968251205,0.323878336330447,0.0,960.0,0.0,160.0,160.0,2,allin,101.0,True,False,81.0256,Two Pair,0.0,261.0,-261.0
2018-03-18 08:24:42,21,6,Flop,Tobacco AI,7229.0,0,SB,4,3,♠8 ♣A,♦K ♣K ♠6,180,0.28888888888888886,0.4439580672001566,1061.0,0.0,320.0,0.0,0.0,6,fold,0.0,False,True,20.2336,Pair,0.0,320.0,-320.0
2018-03-18 08:24:42,21,7,Flop,PCB,280.0,0,D,4,2,♥8 ♣8,♦K ♣K ♠6,183,0.5191256830601093,0.49963407434589996,1061.0,0.0,320.0,0.0,0.0,6,call,0.0,False,False,83.0256,Two Pair,1061.0,320.0,741.0
2018-03-18 08:24:42,22,1,Deal,PCB,1341.0,0,1,4,4,♣J ♥J,,60000,0.4951726190477343,0.3133780903126257,0.0,240.0,0.0,0.0,160.0,1,call,160.0,False,False,62.2048,Two Pair,1120.0,480.0,640.0
2018-03-18 08:24:42,22,2,Deal,Tobacco AI,7229.0,0,D,4,4,♥10 ♣7,,60000,0.2506499999999479,0.32746010495580763,0.0,400.0,0.0,0.0,160.0,2,fold,0.0,False,True,54.2048,Two Pair,0.0,0.0,0.0
2018-03-18 08:24:42,22,3,Deal,Out Bluffed,1350.0,0,SB,4,3,♣K ♣6,,60000,0.3078378968253226,0.3524181998104344,0.0,400.0,0.0,80.0,80.0,2,call,80.0,False,True,104.3072,Three of a Kind,0.0,480.0,-480.0
2018-03-18 08:24:42,22,4,Deal,Im Not Kao Chin,840.0,1,BB,4,3,♥9 ♦4,,60000,0.18991765873014582,0.2923768811210951,0.0,480.0,0.0,160.0,0.0,3,call,0.0,False,True,13.224,Pair,0.0,160.0,-160.0
2018-03-18 08:24:42,22,5,Flop,Out Bluffed,1270.0,0,SB,4,3,♣K ♣6,♦6 ♥3 ♦A,181,0.37476979742173117,0.4726744556148684,480.0,0.0,160.0,0.0,0.0,6,bet,160.0,False,True,104.3072,Three of a Kind,0.0,480.0,-480.0
2018-03-18 08:24:42,22,6,Flop,Im Not Kao Chin,840.0,1,BB,4,3,♥9 ♦4,♦6 ♥3 ♦A,162,0.12808641975308643,0.33012069238987723,480.0,160.0,160.0,0.0,160.0,1,fold,0.0,False,True,13.224,Pair,0.0,160.0,-160.0
2018-03-18 08:24:42,22,7,Flop,PCB,1181.0,0,1,4,2,♣J ♥J,♦6 ♥3 ♦A,184,0.43478260869565216,0.4957284456952774,480.0,160.0,160.0,0.0,160.0,1,call,160.0,False,False,62.2048,Two Pair,1120.0,480.0,640.0
2018-03-18 08:24:42,22,8,Turn,Out Bluffed,1110.0,0,SB,4,2,♣K ♣6,♦6 ♥3 ♦A ♥6,172,0.8895348837209303,0.30405364802309026,800.0,0.0,320.0,0.0,0.0,6,bet,160.0,False,True,104.3072,Three of a Kind,0.0,480.0,-480.0
2018-03-18 08:24:42,22,9,Turn,PCB,1021.0,0,1,4,2,♣J ♥J,♦6 ♥3 ♦A ♥6,175,0.5942857142857143,0.4910297384900763,800.0,160.0,320.0,0.0,160.0,1,call,160.0,False,False,62.2048,Two Pair,1120.0,480.0,640.0
2018-03-18 08:24:42,22,10,River,Out Bluffed,950.0,0,SB,4,2,♣K ♣6,♦6 ♥3 ♦A ♥6 ♠10,186,0.9327956989247311,0.2476767994196228,1120.0,0.0,480.0,0.0,0.0,6,fold,0.0,False,True,104.3072,Three of a Kind,0.0,480.0,-480.0
2018-03-18 08:24:42,22,11,River,PCB,861.0,0,1,4,1,♣J ♥J,♦6 ♥3 ♦A ♥6 ♠10,276,0.7210144927536232,0.4485003834924321,1120.0,0.0,480.0,0.0,0.0,6,call,0.0,False,False,62.2048,Two Pair,1120.0,480.0,640.0
2018-03-18 08:24:42,23,1,Deal,Tobacco AI,7229.0,0,1,4,4,♥3 ♥J,,60000,0.2510668650793065,0.33888209579889594,0.0,240.0,0.0,0.0,160.0,1,fold,0.0,False,True,19.0392,Pair,0.0,0.0,0.0
2018-03-18 08:24:42,23,2,Deal,Out Bluffed,950.0,0,D,4,3,♣K ♣Q,,60000,0.3923382936507681,0.37698748272899674,0.0,240.0,0.0,0.0,160.0,1,fold,0.0,False,True,110.1152,Three of a Kind,0.0,0.0,0.0
2018-03-18 08:24:42,23,3,Deal,Im Not Kao Chin,760.0,1,SB,4,2,♦9 ♥K,,60000,0.3108023809523093,0.34109645901587415,0.0,240.0,0.0,80.0,80.0,1,raise,240.0,False,False,19.1216,Pair,480.0,320.0,160.0
2018-03-18 08:24:42,23,4,Deal,PCB,1821.0,0,BB,4,2,♠3 ♦A,,60000,0.2842765873015,0.33127817870662624,0.0,480.0,0.0,160.0,160.0,1,fold,0.0,False,True,19.2184,Pair,0.0,160.0,-160.0
2018-03-18 08:24:42,24,1,Deal,Out Bluffed,950.0,0,1,4,4,♣3 ♥7,,60000,0.17474920634920815,0.2872249377555612,0.0,480.0,0.0,0.0,320.0,1,fold,0.0,False,True,123.0054,Flush,0.0,0.0,0.0
2018-03-18 08:24:42,24,2,Deal,Im Not Kao Chin,1000.0,1,D,4,3,♠2 ♣7,,60000,0.1579138888889037,0.27509123701609955,0.0,480.0,0.0,0.0,320.0,1,call,320.0,False,False,37.0016,Two Pair,960.0,320.0,640.0
2018-03-18 08:24:42,24,3,Deal,PCB,1661.0,0,SB,4,3,♠J ♦K,,60000,0.34770595238090213,0.357262685607453,0.0,800.0,0.0,160.0,160.0,2,call,160.0,False,True,15.1284,Pair,0.0,320.0,-320.0
2018-03-18 08:24:42,24,4,Deal,Tobacco AI,6909.0,0,BB,4,3,♣9 ♠10,,60000,0.2935730158729634,0.3478057126664336,0.0,960.0,0.0,320.0,0.0,3,call,0.0,False,True,15.0196,Pair,0.0,320.0,-320.0
2018-03-18 08:24:42,24,5,Flop,PCB,1501.0,0,SB,4,3,♠J ♦K,♥5 ♥2 ♣8,180,0.17222222222222222,0.3738769190753609,960.0,0.0,320.0,0.0,0.0,6,fold,0.0,False,True,15.1284,Pair,0.0,320.0,-320.0
2018-03-18 08:24:42,24,6,Flop,Tobacco AI,6909.0,0,BB,4,2,♣9 ♠10,♥5 ♥2 ♣8,321,0.11370716510903427,0.3162262315376827,960.0,0.0,320.0,0.0,0.0,6,fold,0.0,False,True,15.0196,Pair,0.0,320.0,-320.0
2018-03-18 08:24:42,24,7,Flop,Im Not Kao Chin,680.0,1,D,4,1,♠2 ♣7,♥5 ♥2 ♣8,113,0.30973451327433627,0.45271347123641276,960.0,0.0,320.0,0.0,0.0,6,call,0.0,False,False,37.0016,Two Pair,960.0,320.0,640.0
2018-03-18 08:24:42,25,1,Deal,Im Not Kao Chin,1640.0,1,1,4,4,♦2 ♥4,,60000,0.1643946428571491,0.28864010129112927,0.0,480.0,0.0,0.0,320.0,1,fold,0.0,False,True,12.2336,Pair,0.0,0.0,0.0
2018-03-18 08:24:42,25,2,Deal,PCB,1501.0,0,D,4,3,♦9 ♦K,,60000,0.3453206349205781,0.36234223086716083,0.0,480.0,0.0,0.0,320.0,1,call,320.0,False,True,12.3328,Pair,0.0,320.0,-320.0
2018-03-18 08:24:42,25,3,Deal,Tobacco AI,6749.0,0,SB,4,3,♥9 ♣10,,60000,0.2935730158729634,0.3478057126664336,0.0,800.0,0.0,160.0,160.0,2,call,160.0,False,True,12.2432,Pair,0.0,640.0,-640.0
2018-03-18 08:24:42,25,4,Deal,Out Bluffed,630.0,0,BB,4,3,♠4 ♣3,,60000,0.17806309523809416,0.2978754081596865,0.0,960.0,0.0,320.0,0.0,3,call,0.0,False,False,12.2336,Pair,1600.0,640.0,960.0
2018-03-18 08:24:42,25,5,Flop,Tobacco AI,6589.0,0,SB,4,3,♥9 ♣10,♦A ♣J ♥8,119,0.330532212885154,0.4593581327828429,960.0,0.0,320.0,0.0,0.0,6,check,0.0,False,True,12.2432,Pair,0.0,640.0,-640.0
2018-03-18 08:24:42,25,6,Flop,Out Bluffed,630.0,0,BB,4,3,♠4 ♣3,♦A ♣J ♥8,180,0.044444444444444446,0.1992269008560123,960.0,0.0,320.0,0.0,0.0,6,bet,320.0,False,False,12.2336,Pair,1600.0,640.0,960.0
2018-03-18 08:24:42,25,7,Flop,PCB,1181.0,0,D,4,3,♦9 ♦K,♦A ♣J ♥8,123,0.18970189701897017,0.3845040466659014,960.0,320.0,320.0,0.0,320.0,1,fold,0.0,False,True,12.3328,Pair,0.0,320.0,-320.0
2018-03-18 08:24:42,25,8,Flop,Tobacco AI,6589.0,0,SB,4,2,♥9 ♣10,♦A ♣J ♥8,274,0.340632603406326,0.467243566397762,960.0,320.0,320.0,0.0,320.0,1,call,320.0,False,True,12.2432,Pair,0.0,640.0,-640.0
2018-03-18 08:24:42,25,9,Turn,Tobacco AI,6269.0,0,SB,4,2,♥9 ♣10,♦A ♣J ♥8 ♠5,170,0.20294117647058824,0.40035667488881427,1600.0,0.0,640.0,0.0,0.0,6,fold,0.0,False,True,12.2432,Pair,0.0,640.0,-640.0
2018-03-18 08:24:42,25,10,Turn,Out Bluffed,310.0,0,BB,4,1,♠4 ♣3,♦A ♣J ♥8 ♠5,435,0.09310344827586207,0.28558997352255755,1600.0,0.0,640.0,0.0,0.0,6,call,0.0,False,False,12.2336,Pair,1600.0,640.0,960.0
2018-03-18 08:24:42,26,1,Deal,PCB,1181.0,0,1,4,4,♠9 ♥A,,60000,0.3277204365078647,0.339236125659676,0.0,480.0,0.0,0.0,320.0,1,fold,0.0,False,True,106.2176,Three of a Kind,0.0,0.0,0.0
2018-03-18 08:24:42,26,2,Deal,Tobacco AI,6269.0,0,D,4,3,♠2 ♣A,,60000,0.27668730158721366,0.3305442085647038,0.0,480.0,0.0,0.0,320.0,1,call,320.0,False,False,106.2176,Three of a Kind,3200.0,1280.0,1920.0
2018-03-18 08:24:42,26,3,Deal,Out Bluffed,1750.0,0,SB,4,3,♣4 ♦2,,60000,0.1643946428571491,0.28864010129112927,0.0,800.0,0.0,160.0,160.0,2,call,160.0,False,False,106.0136,Three of a Kind,0.0,1280.0,-1280.0
2018-03-18 08:24:42,26,4,Deal,Im Not Kao Chin,1320.0,1,BB,4,3,♦5 ♥9,,60000,0.20751507936505525,0.3044562835066042,0.0,960.0,0.0,320.0,0.0,3,call,0.0,False,True,106.0192,Three of a Kind,0.0,640.0,-640.0
2018-03-18 08:24:42,26,5,Flop,Out Bluffed,1590.0,0,SB,4,3,♣4 ♦2,♥10 ♦8 ♣8,182,0.07554945054945054,0.25836228774816833,960.0,0.0,320.0,0.0,0.0,6,bet,320.0,False,False,106.0136,Three of a Kind,0.0,1280.0,-1280.0
2018-03-18 08:24:42,26,6,Flop,Im Not Kao Chin,1320.0,1,BB,4,3,♦5 ♥9,♥10 ♦8 ♣8,126,0.1455026455026455,0.3385726647080859,960.0,320.0,320.0,0.0,320.0,1,call,320.0,False,True,106.0192,Three of a Kind,0.0,640.0,-640.0
2018-03-18 08:24:42,26,7,Flop,Tobacco AI,5949.0,0,D,4,3,♠2 ♣A,♥10 ♦8 ♣8,117,0.2264957264957265,0.4108347063779339,960.0,640.0,320.0,0.0,320.0,2,call,320.0,False,False,106.2176,Three of a Kind,3200.0,1280.0,1920.0
2018-03-18 08:24:42,26,8,Turn,Out Bluffed,1270.0,0,SB,4,3,♣4 ♦2,♥10 ♦8 ♣8 ♣6,187,0.10160427807486631,0.3021272062422575,1920.0,0.0,640.0,0.0,0.0,6,bet,320.0,False,False,106.0136,Three of a Kind,0.0,1280.0,-1280.0
2018-03-18 08:24:42,26,9,Turn,Im Not Kao Chin,1000.0,1,BB,4,3,♦5 ♥9,♥10 ♦8 ♣8 ♣6,171,0.14035087719298245,0.3344855432445197,1920.0,320.0,640.0,0.0,320.0,1,fold,0.0,False,True,106.0192,Three of a Kind,0.0,640.0,-640.0
2018-03-18 08:24:42,26,10,Turn,Tobacco AI,5629.0,0,D,4,2,♠2 ♣A,♥10 ♦8 ♣8 ♣6,232,0.15086206896551724,0.34876523317495606,1920.0,320.0,640.0,0.0,320.0,1,call,320.0,False,False,106.2176,Three of a Kind,3200.0,1280.0,1920.0
2018-03-18 08:24:42,26,11,River,Out Bluffed,950.0,0,SB,4,2,♣4 ♦2,♥10 ♦8 ♣8 ♣6 ♥8,162,0.0,0.0,2560.0,0.0,960.0,0.0,0.0,6,bet,320.0,False,False,106.0136,Three of a Kind,0.0,1280.0,-1280.0
2018-03-18 08:24:42,26,12,River,Tobacco AI,5309.0,0,D,4,2,♠2 ♣A,♥10 ♦8 ♣8 ♣6 ♥8,161,0.19668737060041405,0.36960436141147424,2560.0,320.0,960.0,0.0,320.0,1,call,320.0,False,False,106.2176,Three of a Kind,3200.0,1280.0,1920.0
2018-03-18 08:24:42,27,1,Deal,Tobacco AI,8189.0,0,1,4,4,♥7 ♣3,,60000,0.17474920634920815,0.2872249377555612,0.0,480.0,0.0,0.0,320.0,1,fold,0.0,False,True,8.072000000000001,High Card,0.0,0.0,0.0
2018-03-18 08:24:42,27,2,Deal,Out Bluffed,630.0,0,D,4,3,♣J ♥J,,60000,0.4951726190477343,0.3133780903126257,0.0,480.0,0.0,0.0,320.0,1,call,320.0,True,False,18.2688,Pair,1580.0,630.0,950.0
2018-03-18 08:24:42,27,3,Deal,Im Not Kao Chin,840.0,1,SB,4,3,♠3 ♠K,,60000,0.2899059523808741,0.3504765013402147,0.0,800.0,0.0,160.0,160.0,2,call,160.0,False,False,8.1728,High Card,10.0,640.0,-630.0
2018-03-18 08:24:42,27,4,Deal,PCB,861.0,0,BB,4,3,♣8 ♠9,,60000,0.2662103174602629,0.3354168785120485,0.0,960.0,0.0,320.0,0.0,3,call,0.0,False,True,16.2688,Pair,0.0,320.0,-320.0
2018-03-18 08:24:42,27,5,Flop,Im Not Kao Chin,680.0,1,SB,4,3,♠3 ♠K,♦6 ♥A ♣Q,280,0.15773809523809526,0.3459224538885968,960.0,0.0,320.0,0.0,0.0,6,bet,320.0,False,False,8.1728,High Card,10.0,640.0,-630.0
2018-03-18 08:24:42,27,6,Flop,PCB,861.0,0,BB,4,3,♣8 ♠9,♦6 ♥A ♣Q,182,0.11538461538461539,0.31948553318915673,960.0,320.0,320.0,0.0,320.0,1,fold,0.0,False,True,16.2688,Pair,0.0,320.0,-320.0
2018-03-18 08:24:42,27,7,Flop,Out Bluffed,310.0,0,D,4,2,♣J ♥J,♦6 ♥A ♣Q,354,0.3700564971751412,0.4813546059767943,960.0,320.0,320.0,0.0,320.0,1,allin,310.0,True,False,18.2688,Pair,1580.0,630.0,950.0
2018-03-18 08:24:42,28,1,Deal,Out Bluffed,1580.0,0,1,4,4,♣J ♠4,,60000,0.21943154761900766,0.3079733904475794,0.0,960.0,0.0,0.0,640.0,1,fold,0.0,False,True,10.2336,Pair,0.0,0.0,0.0
2018-03-18 08:24:42,28,2,Deal,Im Not Kao Chin,370.0,1,D,4,3,♦K ♦4,,60000,0.29601428571420985,0.35128215255520356,0.0,960.0,0.0,0.0,640.0,1,allin,370.0,True,False,10.3104,Pair,0.0,370.0,-370.0
2018-03-18 08:24:42,28,3,Deal,PCB,541.0,0,SB,4,3,♠8 ♣9,,60000,0.2662103174602629,0.3354168785120485,0.0,1330.0,0.0,320.0,320.0,1,call,320.0,False,True,38.2048,Two Pair,0.0,640.0,-640.0
2018-03-18 08:24:42,28,4,Deal,Tobacco AI,7549.0,0,BB,4,3,♣8 ♦6,,60000,0.22934583333330408,0.3204183431433454,0.0,1650.0,0.0,640.0,0.0,2,call,0.0,False,False,38.2048,Two Pair,1650.0,640.0,1010.0
2018-03-18 08:24:42,28,5,Flop,PCB,221.0,0,SB,4,3,♠8 ♣9,♠A ♠3 ♥3,181,0.1289134438305709,0.3205927758520658,1650.0,0.0,640.0,0.0,0.0,6,fold,0.0,False,True,38.2048,Two Pair,0.0,640.0,-640.0
2018-03-18 08:24:42,28,6,Flop,Tobacco AI,7549.0,0,BB,4,2,♣8 ♦6,♠A ♠3 ♥3,131,0.09351145038167939,0.2802940758433154,1650.0,0.0,640.0,0.0,0.0,6,call,0.0,False,False,38.2048,Two Pair,1650.0,640.0,1010.0
2018-03-18 08:24:42,29,1,Deal,Im Not Kao Chin,1000.0,2,1,4,4,♠8 ♥10,,60000,0.27164722222215915,0.338490710914655,0.0,960.0,0.0,0.0,640.0,1,call,640.0,True,False,16.0416,Pair,2861.0,1000.0,1861.0
2018-03-18 08:24:42,29,2,Deal,PCB,221.0,0,D,4,4,♣2 ♣6,,60000,0.20238630952379033,0.32242675887709815,0.0,1600.0,0.0,0.0,640.0,2,allin,221.0,True,False,16.0266,Pair,0.0,221.0,-221.0
2018-03-18 08:24:42,29,3,Deal,Tobacco AI,8879.0,0,SB,4,4,♣J ♣K,,60000,0.38219285714282963,0.37373845537743394,0.0,1821.0,0.0,320.0,320.0,2,call,320.0,False,True,65.1024,Two Pair,0.0,640.0,-640.0
2018-03-18 08:24:42,29,4,Deal,Out Bluffed,940.0,0,BB,4,4,♥5 ♥6,,60000,0.25622876984122933,0.35159038265516857,0.0,2141.0,0.0,640.0,0.0,3,call,0.0,False,False,16.0268,Pair,280.0,1280.0,-1000.0
2018-03-18 08:24:42,29,5,Flop,Tobacco AI,8559.0,0,SB,4,4,♣J ♣K,♥3 ♠9 ♥4,184,0.14130434782608695,0.3483352251948275,2141.0,0.0,640.0,0.0,0.0,6,fold,0.0,False,True,65.1024,Two Pair,0.0,640.0,-640.0
2018-03-18 08:24:42,29,6,Flop,Out Bluffed,940.0,0,BB,4,3,♥5 ♥6,♥3 ♠9 ♥4,121,0.47382920110192833,0.48909516372995004,2141.0,0.0,640.0,0.0,0.0,6,bet,640.0,False,False,16.0268,Pair,280.0,1280.0,-1000.0
2018-03-18 08:24:42,29,7,Flop,Im Not Kao Chin,360.0,2,1,4,3,♠8 ♥10,♥3 ♠9 ♥4,299,0.17725752508361203,0.38188649476623904,2141.0,640.0,640.0,0.0,640.0,1,allin,360.0,True,False,16.0416,Pair,2861.0,1000.0,1861.0
2018-03-18 08:24:42,30,1,Deal,PCB,1000.0,1,1,4,4,♠10 ♦8,,60000,0.27164722222215915,0.338490710914655,0.0,960.0,0.0,0.0,640.0,1,call,640.0,False,True,8.0928,High Card,0.0,640.0,-640.0
2018-03-18 08:24:42,30,2,Deal,Tobacco AI,8559.0,0,D,4,4,♦4 ♦7,,60000,0.23388908730155444,0.33719286751708144,0.0,1600.0,0.0,0.0,640.0,2,fold,0.0,False,True,11.2816,Pair,0.0,0.0,0.0
2018-03-18 08:24:42,30,3,Deal,Out Bluffed,260.0,0,SB,4,3,♥3 ♠2,,60000,0.1538246031746181,0.27844923866575433,0.0,1600.0,0.0,320.0,320.0,2,allin,260.0,True,False,10.2816,Pair,1740.0,580.0,1160.0
2018-03-18 08:24:42,30,4,Deal,Im Not Kao Chin,2221.0,2,BB,4,3,♠K ♣7,,60000,0.2798674603173778,0.3269752596696729,0.0,1860.0,0.0,640.0,0.0,2,call,0.0,False,False,8.1808,High Card,760.0,1280.0,-520.0
2018-03-18 08:24:42,30,5,Flop,Im Not Kao Chin,2221.0,2,BB,4,3,♠K ♣7,♥Q ♣A ♠3,180,0.12962962962962962,0.3298688270702497,1860.0,0.0,640.0,0.0,0.0,6,bet,640.0,False,False,8.1808,High Card,760.0,1280.0,-520.0
2018-03-18 08:24:42,30,6,Flop,PCB,360.0,1,1,4,3,♠10 ♦8,♥Q ♣A ♠3,179,0.11778398510242084,0.3121410304006828,1860.0,640.0,640.0,0.0,640.0,1,fold,0.0,False,True,8.0928,High Card,0.0,640.0,-640.0
2018-03-18 08:24:42,31,1,Deal,Tobacco AI,8559.0,0,1,4,4,♠8 ♠2,,60000,0.2092910714285478,0.3229163518835121,0.0,960.0,0.0,0.0,640.0,1,fold,0.0,False,True,6.0424,High Card,0.0,0.0,0.0
2018-03-18 08:24:42,31,2,Deal,Out Bluffed,1740.0,0,D,4,3,♥A ♠7,,60000,0.3061992063491263,0.33146860027173886,0.0,960.0,0.0,0.0,640.0,1,call,360.0,False,False,8.0912,High Card,2560.0,1640.0,920.0
2018-03-18 08:24:42,31,3,Deal,Im Not Kao Chin,2021.0,2,SB,4,3,♣K ♣8,,60000,0.32408174603167916,0.3561590115175317,0.0,1320.0,0.0,320.0,320.0,1,call,40.0,False,True,7.0928,High Card,0.0,1640.0,-1640.0
2018-03-18 08:24:42,31,4,Flop,Im Not Kao Chin,1981.0,2,SB,4,3,♣K ♣8,♥J ♥Q ♥10,160,0.16770833333333332,0.34333782106694855,1360.0,0.0,360.0,0.0,0.0,6,bet,640.0,False,True,7.0928,High Card,0.0,1640.0,-1640.0
2018-03-18 08:24:42,31,5,Flop,Out Bluffed,1380.0,0,D,4,3,♥A ♠7,♥J ♥Q ♥10,186,0.45698924731182794,0.4809875257055839,1360.0,640.0,360.0,0.0,640.0,1,call,640.0,False,False,8.0912,High Card,2560.0,1640.0,920.0
2018-03-18 08:24:42,31,6,Turn,Im Not Kao Chin,1341.0,2,SB,4,3,♣K ♣8,♥J ♥Q ♥10 ♦3,198,0.09595959595959595,0.2768579812861767,2640.0,0.0,1000.0,0.0,0.0,6,bet,640.0,False,True,7.0928,High Card,0.0,1640.0,-1640.0
2018-03-18 08:24:42,31,7,Turn,Out Bluffed,740.0,0,D,4,3,♥A ♠7,♥J ♥Q ♥10 ♦3,120,0.28194444444444444,0.436100052938359,2640.0,640.0,1000.0,0.0,640.0,1,call,640.0,False,False,8.0912,High Card,2560.0,1640.0,920.0
2018-03-18 08:24:42,31,8,River,Im Not Kao Chin,701.0,2,SB,4,3,♣K ♣8,♥J ♥Q ♥10 ♦3 ♦6,162,0.012345679012345678,0.11042310999998962,3920.0,0.0,1640.0,0.0,0.0,6,fold,0.0,False,True,7.0928,High Card,0.0,1640.0,-1640.0
2018-03-18 08:24:42,31,9,River,Out Bluffed,100.0,0,D,4,2,♥A ♠7,♥J ♥Q ♥10 ♦3 ♦6,369,0.03116531165311653,0.17180374916634644,3920.0,0.0,1640.0,0.0,0.0,6,call,0.0,False,False,8.0912,High Card,2560.0,1640.0,920.0
2018-03-18 08:24:42,32,1,Deal,Out Bluffed,2660.0,0,1,4,4,♥5 ♦Q,,60000,0.24496309523803256,0.3175214867974691,0.0,1920.0,0.0,0.0,1280.0,1,fold,0.0,False,True,8.0616,High Card,0.0,0.0,0.0
2018-03-18 08:24:42,32,2,Deal,Im Not Kao Chin,701.0,2,D,4,3,♦K ♦4,,60000,0.29601428571420985,0.35128215255520356,0.0,1920.0,0.0,0.0,1280.0,1,allin,701.0,True,False,11.3136,Pair,0.0,701.0,-701.0
2018-03-18 08:24:42,32,3,Deal,PCB,440.0,1,SB,4,3,♥Q ♠9,,60000,0.30025654761898357,0.3421278131074911,0.0,2621.0,0.0,640.0,640.0,1,allin,440.0,True,False,16.2592,Pair,0.0,1080.0,-1080.0
2018-03-18 08:24:42,32,4,Deal,Tobacco AI,7279.0,0,BB,4,3,♣6 ♥8,,60000,0.22934583333330408,0.3204183431433454,0.0,3061.0,0.0,1280.0,0.0,1,call,0.0,False,False,41.2048,Two Pair,3061.0,1280.0,1781.0
