﻿game_id,round_id,turn_id,roundName,playerName,chips,reloadCount,position,pot,bet,action,amount
20180326191734,1,1,Deal,87-dawn-ape,980,0,1,50,20,call,20
20180326191734,1,2,Deal,89,980,0,D,70,20,call,20
20180326191734,1,3,Deal,lefthand_cat,980,0,SB,80,20,call,10
20180326191734,1,4,Deal,87-rising-ape,980,0,BB,80,20,call,0
20180326191734,1,5,Flop,lefthand_cat,980,0,SB,80,0,check,0
20180326191734,1,6,Flop,87-rising-ape,980,0,BB,80,0,fold,0
20180326191734,1,7,Flop,87-dawn-ape,960,0,1,100,20,bet,20
20180326191734,1,8,Flop,89,980,0,D,100,0,fold,0
20180326191734,1,9,Flop,lefthand_cat,960,0,SB,120,20,call,20
20180326191734,1,10,Turn,lefthand_cat,960,0,SB,120,0,check,0
20180326191734,1,11,Turn,87-dawn-ape,940,0,1,140,20,bet,20
20180326191734,1,12,Turn,lefthand_cat,940,0,SB,160,20,call,20
20180326191734,1,13,River,lefthand_cat,940,0,SB,160,0,check,0
20180326191734,1,14,River,87-dawn-ape,920,0,1,180,20,bet,20
20180326191734,1,15,River,lefthand_cat,920,0,SB,200,20,call,20
20180326191734,2,1,Deal,89,1960,1,1,50,20,call,20
20180326191734,2,2,Deal,lefthand_cat,1100,0,D,70,20,call,20
20180326191734,2,3,Deal,87-rising-ape,960,0,SB,80,20,call,10
20180326191734,2,4,Deal,87-dawn-ape,900,0,BB,80,20,call,0
20180326191734,2,5,Flop,87-rising-ape,940,0,SB,100,20,bet,20
20180326191734,2,6,Flop,87-dawn-ape,880,0,BB,120,20,call,20
20180326191734,2,7,Flop,89,1960,1,1,120,0,fold,0
20180326191734,2,8,Flop,lefthand_cat,1080,0,D,140,20,call,20
20180326191734,2,9,Turn,87-rising-ape,820,0,SB,260,120,bet,120
20180326191734,2,10,Turn,87-dawn-ape,760,0,BB,380,120,call,120
20180326191734,2,11,Turn,lefthand_cat,1080,0,D,380,0,fold,0
20180326191734,2,12,River,87-rising-ape,700,0,SB,500,120,bet,120
20180326191734,2,13,River,87-dawn-ape,640,0,BB,620,120,call,120
20180326191734,3,1,Deal,lefthand_cat,1060,0,1,50,20,call,20
20180326191734,3,2,Deal,87-rising-ape,1300,0,D,70,20,call,20
20180326191734,3,3,Deal,87-dawn-ape,620,0,SB,80,20,call,10
20180326191734,3,4,Deal,89,2940,2,BB,80,20,call,0
20180326191734,3,5,Flop,87-dawn-ape,600,0,SB,100,20,bet,20
20180326191734,3,6,Flop,89,2940,2,BB,100,0,fold,0
20180326191734,3,7,Flop,lefthand_cat,1020,0,1,140,40,raise,40
20180326191734,3,8,Flop,87-rising-ape,1260,0,D,180,40,call,40
20180326191734,3,9,Flop,87-dawn-ape,580,0,SB,200,40,call,20
20180326191734,3,10,Turn,87-dawn-ape,560,0,SB,220,20,bet,20
20180326191734,3,11,Turn,lefthand_cat,1000,0,1,240,20,call,20
20180326191734,3,12,Turn,87-rising-ape,1240,0,D,260,20,call,20
20180326191734,3,13,River,87-dawn-ape,540,0,SB,280,20,bet,20
20180326191734,3,14,River,lefthand_cat,980,0,1,300,20,call,20
20180326191734,3,15,River,87-rising-ape,1240,0,D,300,0,fold,0
20180326191734,4,1,Deal,87-rising-ape,1220,0,1,50,20,call,20
20180326191734,4,2,Deal,87-dawn-ape,670,0,D,70,20,call,20
20180326191734,4,3,Deal,89,2920,2,SB,80,20,call,10
20180326191734,4,4,Deal,lefthand_cat,1110,0,BB,80,20,call,0
20180326191734,4,5,Flop,89,2920,2,SB,80,0,check,0
20180326191734,4,6,Flop,lefthand_cat,1090,0,BB,100,20,bet,20
20180326191734,4,7,Flop,87-rising-ape,1100,0,1,220,120,bet,120
20180326191734,4,8,Flop,87-dawn-ape,550,0,D,340,120,call,120
20180326191734,4,9,Flop,89,2800,2,SB,460,120,call,120
20180326191734,4,10,Flop,lefthand_cat,990,0,BB,560,120,call,100
20180326191734,4,11,Turn,89,2800,2,SB,560,0,check,0
20180326191734,4,12,Turn,lefthand_cat,970,0,BB,580,20,bet,20
20180326191734,4,13,Turn,87-rising-ape,980,0,1,700,120,bet,120
20180326191734,4,14,Turn,87-dawn-ape,550,0,D,700,0,fold,0
20180326191734,4,15,Turn,89,2680,2,SB,820,120,call,120
20180326191734,4,16,Turn,lefthand_cat,750,0,BB,1040,240,raise,220
20180326191734,4,17,Turn,87-rising-ape,760,0,1,1260,340,bet,220
20180326191734,4,18,Turn,89,2460,2,SB,1480,340,call,220
20180326191734,4,19,Turn,lefthand_cat,650,0,BB,1580,340,call,100
20180326191734,4,20,River,89,2460,2,SB,1580,0,check,0
20180326191734,4,21,River,lefthand_cat,650,0,BB,1580,0,check,0
20180326191734,4,22,River,87-rising-ape,640,0,1,1700,120,bet,120
20180326191734,4,23,River,89,2340,2,SB,1820,120,call,120
20180326191734,4,24,River,lefthand_cat,530,0,BB,1940,120,call,120
20180326191734,5,1,Deal,87-dawn-ape,510,0,1,100,40,call,40
20180326191734,5,2,Deal,89,2300,2,D,140,40,call,40
20180326191734,5,3,Deal,lefthand_cat,490,0,SB,160,40,call,20
20180326191734,5,4,Deal,87-rising-ape,2540,0,BB,160,40,call,0
20180326191734,5,5,Flop,lefthand_cat,490,0,SB,160,0,check,0
20180326191734,5,6,Flop,87-rising-ape,2500,0,BB,200,40,bet,40
20180326191734,5,7,Flop,87-dawn-ape,370,0,1,340,140,bet,140
20180326191734,5,8,Flop,89,2300,2,D,340,0,fold,0
20180326191734,5,9,Flop,lefthand_cat,350,0,SB,480,140,call,140
20180326191734,5,10,Flop,87-rising-ape,2400,0,BB,580,140,call,100
20180326191734,5,11,Turn,lefthand_cat,0,0,SB,930,350,allin,350
20180326191734,5,12,Turn,87-rising-ape,1950,0,BB,1380,450,bet,450
20180326191734,5,13,Turn,87-dawn-ape,0,0,1,1750,370,allin,370
20180326191734,6,1,Deal,89,2260,2,1,100,40,call,40
20180326191734,6,2,Deal,lefthand_cat,960,1,D,140,40,call,40
20180326191734,6,3,Deal,87-rising-ape,1990,0,SB,160,40,call,20
20180326191734,6,4,Deal,87-dawn-ape,1630,0,BB,160,40,call,0
20180326191734,6,5,Flop,87-rising-ape,1950,0,SB,200,40,bet,40
20180326191734,6,6,Flop,87-dawn-ape,1630,0,BB,200,0,fold,0
20180326191734,6,7,Flop,89,2260,2,1,200,0,fold,0
20180326191734,6,8,Flop,lefthand_cat,880,1,D,280,80,bet,80
20180326191734,6,9,Flop,87-rising-ape,1910,0,SB,320,80,call,40
20180326191734,6,10,Turn,87-rising-ape,1770,0,SB,460,140,bet,140
20180326191734,6,11,Turn,lefthand_cat,600,1,D,740,280,raise,280
20180326191734,6,12,Turn,87-rising-ape,1530,0,SB,980,380,bet,240
20180326191734,6,13,Turn,lefthand_cat,120,1,D,1460,760,raise,480
20180326191734,6,14,Turn,87-rising-ape,1050,0,SB,1940,860,bet,480
20180326191734,6,15,Turn,lefthand_cat,0,1,D,2060,880,allin,120
20180326191734,6,16,Turn,87-rising-ape,930,0,SB,2180,980,bet,120
20180326191734,7,1,Deal,lefthand_cat,1000,2,1,60,0,fold,0
20180326191734,7,2,Deal,87-rising-ape,3070,0,D,100,40,call,40
20180326191734,7,3,Deal,87-dawn-ape,1590,0,SB,120,40,call,20
20180326191734,7,4,Deal,89,2220,2,BB,120,40,call,0
20180326191734,7,5,Flop,87-dawn-ape,1450,0,SB,260,140,bet,140
20180326191734,7,6,Flop,89,2220,2,BB,260,0,fold,0
20180326191734,7,7,Flop,87-rising-ape,2930,0,D,400,140,call,140
20180326191734,7,8,Turn,87-dawn-ape,1310,0,SB,540,140,bet,140
20180326191734,7,9,Turn,87-rising-ape,2790,0,D,680,140,call,140
20180326191734,7,10,River,87-dawn-ape,1170,0,SB,820,140,bet,140
20180326191734,7,11,River,87-rising-ape,2650,0,D,960,140,call,140
20180326191734,8,1,Deal,87-rising-ape,2610,0,1,100,40,call,40
20180326191734,8,2,Deal,87-dawn-ape,2090,0,D,140,40,call,40
20180326191734,8,3,Deal,89,2180,2,SB,160,40,call,20
20180326191734,8,4,Deal,lefthand_cat,960,2,BB,160,40,call,0
20180326191734,8,5,Flop,89,2180,2,SB,160,0,fold,0
20180326191734,8,6,Flop,lefthand_cat,960,2,BB,160,0,check,0
20180326191734,8,7,Flop,87-rising-ape,2470,0,1,300,140,bet,140
20180326191734,8,8,Flop,87-dawn-ape,2090,0,D,300,0,fold,0
20180326191734,8,9,Flop,lefthand_cat,820,2,BB,440,140,call,140
20180326191734,8,10,Turn,lefthand_cat,820,2,BB,440,0,check,0
20180326191734,8,11,Turn,87-rising-ape,2330,0,1,580,140,bet,140
20180326191734,8,12,Turn,lefthand_cat,680,2,BB,720,140,call,140
20180326191734,8,13,River,lefthand_cat,680,2,BB,720,0,check,0
20180326191734,8,14,River,87-rising-ape,2190,0,1,860,140,bet,140
20180326191734,8,15,River,lefthand_cat,540,2,BB,1000,140,call,140
20180326191734,9,1,Deal,87-dawn-ape,2010,0,1,200,80,call,80
20180326191734,9,2,Deal,89,2100,2,D,280,80,call,80
20180326191734,9,3,Deal,lefthand_cat,460,2,SB,320,80,call,40
20180326191734,9,4,Deal,87-rising-ape,3110,0,BB,320,80,call,0
20180326191734,9,5,Flop,lefthand_cat,460,2,SB,320,0,check,0
20180326191734,9,6,Flop,87-rising-ape,2930,0,BB,500,180,bet,180
20180326191734,9,7,Flop,87-dawn-ape,1830,0,1,680,180,call,180
20180326191734,9,8,Flop,89,2100,2,D,680,0,fold,0
20180326191734,9,9,Flop,lefthand_cat,280,2,SB,860,180,call,180
20180326191734,9,10,Turn,lefthand_cat,280,2,SB,860,0,fold,0
20180326191734,9,11,Turn,87-rising-ape,2750,0,BB,1040,180,bet,180
20180326191734,9,12,Turn,87-dawn-ape,1650,0,1,1220,180,call,180
20180326191734,9,13,River,87-rising-ape,2570,0,BB,1400,180,bet,180
20180326191734,9,14,River,87-dawn-ape,1470,0,1,1580,180,call,180
20180326191734,10,1,Deal,89,2020,2,1,200,80,call,80
20180326191734,10,2,Deal,lefthand_cat,200,2,D,280,80,call,80
20180326191734,10,3,Deal,87-rising-ape,4070,0,SB,320,80,call,40
20180326191734,10,4,Deal,87-dawn-ape,1390,0,BB,320,80,call,0
20180326191734,10,5,Flop,87-rising-ape,3990,0,SB,400,80,bet,80
20180326191734,10,6,Flop,87-dawn-ape,1390,0,BB,400,0,fold,0
20180326191734,10,7,Flop,89,2020,2,1,400,0,fold,0
20180326191734,10,8,Flop,lefthand_cat,120,2,D,480,80,call,80
20180326191734,10,9,Turn,87-rising-ape,3910,0,SB,560,80,bet,80
20180326191734,10,10,Turn,lefthand_cat,40,2,D,640,80,call,80
20180326191734,10,11,River,87-rising-ape,3910,0,SB,640,0,fold,0
20180326191734,10,12,River,lefthand_cat,40,2,D,640,0,call,0
20180326191734,11,1,Deal,lefthand_cat,600,2,1,200,80,call,80
20180326191734,11,2,Deal,87-rising-ape,3830,0,D,280,80,call,80
20180326191734,11,3,Deal,87-dawn-ape,1310,0,SB,320,80,call,40
20180326191734,11,4,Deal,89,1940,2,BB,320,80,call,0
20180326191734,11,5,Flop,87-dawn-ape,1230,0,SB,400,80,bet,80
20180326191734,11,6,Flop,89,1940,2,BB,400,0,fold,0
20180326191734,11,7,Flop,lefthand_cat,520,2,1,480,80,call,80
20180326191734,11,8,Flop,87-rising-ape,3830,0,D,480,0,fold,0
20180326191734,11,9,Turn,87-dawn-ape,1150,0,SB,560,80,bet,80
20180326191734,11,10,Turn,lefthand_cat,440,2,1,640,80,call,80
20180326191734,11,11,River,87-dawn-ape,1070,0,SB,720,80,bet,80
20180326191734,11,12,River,lefthand_cat,360,2,1,800,80,call,80
20180326191734,12,1,Deal,87-rising-ape,3750,0,1,200,80,call,80
20180326191734,12,2,Deal,87-dawn-ape,990,0,D,280,80,call,80
20180326191734,12,3,Deal,89,1860,2,SB,320,80,call,40
20180326191734,12,4,Deal,lefthand_cat,1080,2,BB,320,80,call,0
20180326191734,12,5,Flop,89,1860,2,SB,320,0,fold,0
20180326191734,12,6,Flop,lefthand_cat,1080,2,BB,320,0,check,0
20180326191734,12,7,Flop,87-rising-ape,3670,0,1,400,80,bet,80
20180326191734,12,8,Flop,87-dawn-ape,910,0,D,480,80,call,80
20180326191734,12,9,Flop,lefthand_cat,1000,2,BB,560,80,call,80
20180326191734,12,10,Turn,lefthand_cat,1000,2,BB,560,0,check,0
20180326191734,12,11,Turn,87-rising-ape,3590,0,1,640,80,bet,80
20180326191734,12,12,Turn,87-dawn-ape,830,0,D,720,80,call,80
20180326191734,12,13,Turn,lefthand_cat,920,2,BB,800,80,call,80
20180326191734,12,14,River,lefthand_cat,920,2,BB,800,0,fold,0
20180326191734,12,15,River,87-rising-ape,3510,0,1,880,80,bet,80
20180326191734,12,16,River,87-dawn-ape,750,0,D,960,80,call,80
20180326191734,13,1,Deal,87-dawn-ape,1070,0,1,400,160,call,160
20180326191734,13,2,Deal,89,1700,2,D,560,160,call,160
20180326191734,13,3,Deal,lefthand_cat,760,2,SB,640,160,call,80
20180326191734,13,4,Deal,87-rising-ape,3830,0,BB,640,160,call,0
20180326191734,13,5,Flop,lefthand_cat,760,2,SB,640,0,fold,0
20180326191734,13,6,Flop,87-rising-ape,3670,0,BB,800,160,bet,160
20180326191734,13,7,Flop,87-dawn-ape,910,0,1,960,160,call,160
20180326191734,13,8,Flop,89,1700,2,D,960,0,fold,0
20180326191734,13,9,Turn,87-rising-ape,3510,0,BB,1120,160,bet,160
20180326191734,13,10,Turn,87-dawn-ape,650,0,1,1380,260,bet,260
20180326191734,13,11,Turn,87-rising-ape,3410,0,BB,1480,260,call,100
20180326191734,13,12,River,87-rising-ape,3410,0,BB,1480,0,fold,0
20180326191734,13,13,River,87-dawn-ape,650,0,1,1480,0,call,0
20180326191734,14,1,Deal,89,1540,2,1,400,160,call,160
20180326191734,14,2,Deal,lefthand_cat,600,2,D,560,160,call,160
20180326191734,14,3,Deal,87-rising-ape,3330,0,SB,560,80,fold,0
20180326191734,14,4,Deal,87-dawn-ape,1970,0,BB,560,160,call,0
20180326191734,14,5,Flop,87-dawn-ape,1810,0,BB,720,160,bet,160
20180326191734,14,6,Flop,89,1540,2,1,720,0,fold,0
20180326191734,14,7,Flop,lefthand_cat,440,2,D,880,160,call,160
20180326191734,14,8,Turn,87-dawn-ape,1650,0,BB,1040,160,bet,160
20180326191734,14,9,Turn,lefthand_cat,440,2,D,1040,0,fold,0
20180326191734,15,1,Deal,lefthand_cat,200,2,1,480,240,bet,240
20180326191734,15,2,Deal,87-rising-ape,3090,0,D,720,240,call,240
20180326191734,15,3,Deal,87-dawn-ape,2450,0,SB,880,240,call,160
20180326191734,15,4,Deal,89,1300,2,BB,960,240,call,80
20180326191734,15,5,Flop,87-dawn-ape,2450,0,SB,960,0,fold,0
20180326191734,15,6,Flop,89,1140,2,BB,1120,160,bet,160
20180326191734,15,7,Flop,lefthand_cat,0,2,1,1320,200,allin,200
20180326191734,15,8,Flop,87-rising-ape,2890,0,D,1520,200,call,200
20180326191734,15,9,Flop,89,900,2,BB,1760,400,raise,240
20180326191734,15,10,Flop,87-rising-ape,2690,0,D,1960,400,call,200
20180326191734,15,11,Turn,89,740,2,BB,2120,160,bet,160
20180326191734,15,12,Turn,87-rising-ape,2530,0,D,2280,160,call,160
20180326191734,15,13,River,89,580,2,BB,2440,160,bet,160
20180326191734,15,14,River,87-rising-ape,2270,0,D,2700,260,bet,260
20180326191734,15,15,River,89,220,2,BB,3060,520,raise,360
20180326191734,15,16,River,87-rising-ape,1910,0,D,3420,620,bet,360
20180326191734,15,17,River,89,0,2,BB,3640,740,allin,220
20180326191734,15,18,River,87-rising-ape,1690,0,D,3860,840,bet,220
