,N,Nnf,round,first,hole,board,Nsim,prWin,prWinStd,pot,bet,maxBet,NMaxBet,minBet,util_fold,util_call,util_raise_coeff,util_call2,util_raise_coeff2,action,amount,cputime
0,8,6,Deal,0,♣A ♥8,,105,0.14126984126984127,0.34178256058506057,0,20,41,3,21,-20,-6.247619047619047,-0.1523809523809524,-29.415873015873018,-0.7174603174603175,call,0,0.5311379432678223
1,8,6,Deal,0,♣A ♥8,,170,0.14901960784313725,0.35009198549573073,0,41,110,3,69,-41,-11.64705882352942,-0.10588235294117654,-77.2156862745098,-0.7019607843137254,call,0,0.5256450176239014
2,8,6,Flop,1,♣A ♥8,♦7 ♠2 ♣6,5,0.0,0.0,670,0,0,8,20,-110,-110.0,-1.0,-110.0,-1.0,call,0,0.53312087059021
3,8,5,Flop,0,♣A ♥8,♦7 ♠2 ♣6,70,0.06428571428571428,0.23786894007638157,670,20,68,3,48,-130,-113.07142857142858,-0.6785714285714286,-126.18571428571428,-0.8714285714285714,call,0,0.5241479873657227
4,8,5,Flop,0,♣A ♥8,♦7 ♠2 ♣6,125,0.06,0.233238075793812,670,68,113,3,45,-178,-148.9,-0.7,-169.24,-0.88,call,0,0.5226271152496338
5,8,5,Turn,1,♣A ♥8,♦7 ♠2 ♣6 ♠7,5,0.0,0.0,1235,0,0,8,20,-223,-223.0,-1.0,-223.0,-1.0,call,0,0.5216739177703857
6,8,5,Turn,0,♣A ♥8,♦7 ♠2 ♣6 ♠7,65,0.07435897435897436,0.24812246981339373,1235,20,62,2,42,-243,-170.1153846153846,-0.6282051282051282,-183.94615384615383,-0.8512820512820513,call,0,0.5291569232940674
7,8,5,River,1,♣A ♥8,♦7 ♠2 ♣6 ♠7 ♣5,5,0.0,0.0,1545,0,0,8,20,-285,-285.0,-1.0,-285.0,-1.0,call,0,0.5289649963378906
8,8,5,River,0,♣A ♥8,♦7 ♠2 ♣6 ♠7 ♣5,60,0.0,0.0,1545,20,57,3,37,-305,-342.0,-1.0,-342.0,-1.0,fold,0,0.5198781490325928
