,N,Nnf,round,first,hole,board,Nsim,prWin,prWinStd,pot,bet,maxBet,NMaxBet,minBet,util_fold,util_call,util_raise_coeff,util_call2,util_raise_coeff2,action,amount,cputime
0,8,7,Deal,0,♣10 ♣A,,95,0.243859649122807,0.40811256209845703,0,20,79,3,59,-20,55.85438596491227,0.7070175438596489,-40.47017543859649,-0.512280701754386,raise,0,0.5297238826751709
1,8,7,Flop,1,♣10 ♣A,♣7 ♦A ♠4,5,0.6,0.48989794855663565,1116,0,0,8,20,-158,511.6,3.2,511.6,0.19999999999999996,raise,0,0.5225780010223389
2,8,7,Flop,0,♣10 ♣A,♣7 ♦A ♠4,80,0.48125,0.49651126623672903,1116,20,67,4,47,-178,537.78125,2.36875,376.5625,-0.03749999999999998,raise,0,0.5204920768737793
3,8,7,Turn,1,♣10 ♣A,♣7 ♦A ♠4 ♦7,5,0.4,0.48989794855663565,2054,0,0,8,20,-292,529.6,1.8000000000000003,529.6,-0.19999999999999996,raise,0,0.5275490283966064
4,8,7,Turn,0,♣10 ♣A,♣7 ♦A ♠4 ♦7,75,0.26666666666666666,0.4189935029992179,2054,20,73,3,53,-312,319.0,0.8666666666666667,221.66666666666663,-0.4666666666666667,raise,0,0.5263233184814453
5,8,7,Turn,0,♣10 ♣A,♣7 ♦A ♠4 ♦7,150,0.29888888888888887,0.4278701199034268,2054,146,152,3,6,-438,487.9355555555554,1.092222222222222,260.78,-0.40222222222222226,raise,0,0.5213892459869385
6,8,7,River,1,♣10 ♣A,♣7 ♦A ♠4 ♦7 ♥4,5,0.4,0.48989794855663565,4182,0,0,8,20,-596,1076.8000000000002,1.8000000000000003,1076.8000000000002,-0.19999999999999996,raise,0,0.5222988128662109
7,8,7,River,0,♣10 ♣A,♣7 ♦A ♠4 ♦7 ♥4,80,0.275,0.44651427748729383,4182,20,67,5,47,-616,616.0250000000001,0.9250000000000003,523.9000000000001,-0.44999999999999996,raise,0,0.5189371109008789
8,8,7,River,0,♣10 ♣A,♣7 ♦A ♠4 ♦7 ♥4,155,0.1935483870967742,0.39097519422259835,4182,134,142,4,8,-730,263.8064516129032,0.35483870967741926,126.38709677419354,-0.6129032258064516,raise,0,0.5230758190155029
