,N,Nnf,round,first,hole,board,Nsim,prWin,prWinStd,pot,bet,maxBet,NMaxBet,minBet,util_fold,util_call,util_raise_coeff,util_call2,util_raise_coeff2,action,amount,cputime
0,8,8,Deal,0,♦Q ♦K,,95,0.22105263157894736,0.41495585988267425,0,20,146,1,126,-20,112.1894736842105,0.7684210526315789,-81.45263157894738,-0.5578947368421052,raise,0,0.5276198387145996
1,8,8,Flop,0,♦Q ♦K,♥K ♣5 ♣8,30,0.23333333333333334,0.4027681991198189,2336,0,20,1,20,-292,270.4000000000001,0.8666666666666667,242.4000000000001,-0.5333333333333333,raise,0,0.5236809253692627
2,8,7,Flop,0,♦Q ♦K,♥K ♣5 ♣8,135,0.2987654320987654,0.4477177132292362,2336,40,68,3,28,-332,480.12839506172827,1.091358024691358,378.54814814814813,-0.40246913580246924,raise,0,0.5235531330108643
3,8,6,Flop,0,♦Q ♦K,♥K ♣5 ♣8,230,0.2905797101449275,0.44692524656081206,2336,136,148,1,12,-428,496.8289855072462,0.7434782608695651,324.80579710144923,-0.418840579710145,raise,0,0.5314357280731201
4,8,6,Turn,1,♦Q ♦K,♥K ♣5 ♣8 ♠3,5,0.2,0.4000000000000001,4032,0,0,8,20,-588,218.4000000000001,0.20000000000000018,218.4000000000001,-0.6,raise,0,0.5239729881286621
5,8,6,Turn,0,♦Q ♦K,♥K ♣5 ♣8 ♠3,60,0.30833333333333335,0.45727149727729827,4032,20,76,4,56,-608,719.8,0.8500000000000001,626.0666666666666,-0.3833333333333333,raise,0,0.5229849815368652
6,8,6,River,1,♦Q ♦K,♥K ♣5 ♣8 ♠3 ♥Q,5,1.0,0.0,4792,0,0,8,20,-740,4052.0,5.0,4052.0,1.0,raise,0,0.5251150131225586
7,8,6,River,0,♦Q ♦K,♥K ♣5 ♣8 ♠3 ♥Q,60,0.925,0.23848480035423644,4792,20,31,1,11,-760,3833.6500000000005,4.550000000000001,3718.9500000000007,0.8500000000000001,raise,0,0.5274319648742676
8,8,6,River,0,♦Q ♦K,♥K ♣5 ♣8 ♠3 ♥Q,120,0.9083333333333333,0.27373446176094735,4792,62,107,3,45,-802,4088.883333333333,4.45,3700.116666666667,0.8166666666666667,raise,0,0.5231361389160156
