﻿game_id,round_id,turn_id,roundName,playerName,chips,reloadCount,position,pot,bet,action,amount
20180320015636,1,1,Deal,ヽ(=^･ω･^=)丿,980,0,,50,20,call,20
20180320015636,1,2,Deal,V.S.A.,980,0,,70,20,call,20
20180320015636,1,3,Deal,AllinWin,990,0,SB,70,10,fold,
20180320015636,1,4,Deal,惡意送頭,110,0,BB,940,890,bet,870
20180320015636,1,5,Deal,ヽ(=^･ω･^=)丿,110,0,,1810,890,call,870
20180320015636,1,6,Deal,V.S.A.,110,0,,2680,890,call,870
20180320015636,1,7,Flop,惡意送頭,110,0,BB,2680,0,fold,
20180320015636,1,8,Flop,ヽ(=^･ω･^=)丿,90,0,,2700,20,bet,20
20180320015636,1,9,Flop,V.S.A.,110,0,,2700,0,fold,
20180320015636,2,1,Deal,V.S.A.,1090,1,,50,20,call,20
20180320015636,2,2,Deal,AllinWin,990,0,,50,0,fold,
20180320015636,2,3,Deal,惡意送頭,1230,2,SB,920,880,bet,870
20180320015636,2,4,Deal,ヽ(=^･ω･^=)丿,2770,0,BB,920,20,fold,
20180320015636,2,5,Deal,V.S.A.,230,1,,1780,880,call,860
20180320015636,2,6,Flop,惡意送頭,1230,2,SB,1780,0,fold,
20180320015636,2,7,Flop,V.S.A.,230,1,,1780,0,call,0
20180320015636,3,1,Deal,AllinWin,970,0,,50,20,call,20
20180320015636,3,2,Deal,惡意送頭,360,2,,920,870,bet,870
20180320015636,3,3,Deal,ヽ(=^･ω･^=)丿,2760,0,SB,920,10,fold,
20180320015636,3,4,Deal,V.S.A.,1140,1,BB,1770,870,call,850
20180320015636,3,5,Deal,AllinWin,120,0,,2620,870,call,850
20180320015636,3,6,Flop,V.S.A.,1140,1,BB,2620,0,check,
20180320015636,3,7,Flop,AllinWin,120,0,,2620,0,fold,
20180320015636,3,8,Flop,惡意送頭,360,2,,2620,0,fold,
20180320015636,4,1,Deal,惡意送頭,1,2,,389,359,bet,359
20180320015636,4,2,Deal,ヽ(=^･ω･^=)丿,2760,0,,389,0,fold,
20180320015636,4,3,Deal,V.S.A.,3401,1,SB,738,359,call,349
20180320015636,4,4,Deal,AllinWin,100,0,BB,738,20,fold,
20180320015636,4,5,Flop,V.S.A.,3401,1,SB,738,0,check,
20180320015636,4,6,Flop,惡意送頭,1,2,,738,0,fold,
20180320015636,5,1,Deal,ヽ(=^･ω･^=)丿,2760,0,,21,0,fold,
20180320015636,5,2,Deal,V.S.A.,4119,1,,41,20,call,20
20180320015636,5,3,Deal,AllinWin,80,0,SB,41,20,call,0
20180320015636,5,4,Flop,AllinWin,40,0,SB,81,40,bet,40
20180320015636,5,5,Flop,V.S.A.,3668,1,,532,451,bet,451
20180320015636,5,6,Flop,AllinWin,0,0,SB,572,80,allin,40
20180320015636,6,1,Deal,AllinWin,161,0,,100,40,call,40
20180320015636,6,2,Deal,ヽ(=^･ω･^=)丿,2720,0,SB,120,40,call,20
20180320015636,6,3,Deal,V.S.A.,3999,1,BB,120,40,call,0
20180320015636,6,4,Flop,ヽ(=^･ω･^=)丿,2720,0,SB,120,0,fold,
20180320015636,6,5,Flop,V.S.A.,3999,1,BB,120,0,check,
20180320015636,6,6,Flop,AllinWin,121,0,,160,40,bet,40
20180320015636,6,7,Flop,V.S.A.,3959,1,BB,200,40,call,40
20180320015636,6,8,Turn,V.S.A.,3959,1,BB,200,0,check,
20180320015636,6,9,Turn,AllinWin,81,0,,240,40,bet,40
20180320015636,6,10,Turn,V.S.A.,3919,1,BB,280,40,call,40
20180320015636,6,11,River,V.S.A.,2854,1,BB,1345,1065,bet,1065
20180320015636,6,12,River,AllinWin,0,0,,1426,81,allin,81
20180320015636,7,1,Deal,ヽ(=^･ω･^=)丿,2680,0,,100,40,call,40
20180320015636,7,2,Deal,V.S.A.,4240,1,SB,120,40,call,20
20180320015636,7,3,Deal,AllinWin,960,1,BB,120,40,fold,
20180320015636,7,4,Flop,V.S.A.,4240,1,SB,120,0,check,
20180320015636,7,5,Flop,ヽ(=^･ω･^=)丿,2680,0,,120,0,fold,
20180320015636,8,1,Deal,V.S.A.,4280,1,,200,80,call,80
20180320015636,8,2,Deal,AllinWin,840,1,SB,280,120,bet,80
20180320015636,8,3,Deal,ヽ(=^･ω･^=)丿,2560,0,BB,320,120,call,40
20180320015636,8,4,Deal,V.S.A.,4240,1,,360,120,call,40
20180320015636,8,5,Flop,AllinWin,760,1,SB,440,80,bet,80
20180320015636,8,6,Flop,ヽ(=^･ω･^=)丿,2480,0,BB,520,80,call,80
20180320015636,8,7,Flop,V.S.A.,4240,1,,520,0,fold,
20180320015636,8,8,Turn,AllinWin,760,1,SB,520,0,check,
20180320015636,8,9,Turn,ヽ(=^･ω･^=)丿,2480,0,BB,520,0,fold,
20180320015636,9,1,Deal,AllinWin,1280,1,,120,0,fold,
20180320015636,9,2,Deal,ヽ(=^･ω･^=)丿,2400,0,SB,160,80,call,40
20180320015636,9,3,Deal,V.S.A.,4160,1,BB,160,80,call,0
20180320015636,9,4,Flop,ヽ(=^･ω･^=)丿,2400,0,SB,160,0,fold,
20180320015636,9,5,Flop,V.S.A.,4160,1,BB,160,0,call,0
20180320015636,10,1,Deal,ヽ(=^･ω･^=)丿,2320,0,,200,80,call,80
20180320015636,10,2,Deal,V.S.A.,4240,1,SB,240,80,call,40
20180320015636,10,3,Deal,AllinWin,1200,1,BB,240,80,call,0
20180320015636,10,4,Flop,V.S.A.,4240,1,SB,240,0,check,
20180320015636,10,5,Flop,AllinWin,1200,1,BB,240,0,fold,
20180320015636,10,6,Flop,ヽ(=^･ω･^=)丿,2320,0,,240,0,fold,
20180320015636,11,1,Deal,V.S.A.,4320,1,,400,160,call,160
20180320015636,11,2,Deal,AllinWin,1040,1,SB,480,160,call,80
20180320015636,11,3,Deal,ヽ(=^･ω･^=)丿,2160,0,BB,480,160,call,0
20180320015636,11,4,Flop,AllinWin,1040,1,SB,480,0,fold,
20180320015636,11,5,Flop,ヽ(=^･ω･^=)丿,2000,0,BB,640,160,bet,160
20180320015636,11,6,Flop,V.S.A.,4320,1,,640,0,fold,
20180320015636,12,1,Deal,AllinWin,880,1,,400,160,call,160
20180320015636,12,2,Deal,ヽ(=^･ω･^=)丿,2480,0,SB,480,160,call,80
20180320015636,12,3,Deal,V.S.A.,3682,1,BB,958,638,bet,478
20180320015636,12,4,Deal,AllinWin,402,1,,1436,638,call,478
20180320015636,12,5,Deal,ヽ(=^･ω･^=)丿,2002,0,SB,1914,638,call,478
20180320015636,12,6,Flop,ヽ(=^･ω･^=)丿,1842,0,SB,2074,160,bet,160
20180320015636,12,7,Flop,V.S.A.,2455,1,BB,3301,1227,bet,1227
20180320015636,12,8,Flop,AllinWin,0,1,,3703,402,allin,402
20180320015636,12,9,Flop,ヽ(=^･ω･^=)丿,775,0,SB,4770,1227,call,1067
20180320015636,12,10,Turn,ヽ(=^･ω･^=)丿,775,0,SB,4770,0,fold,
20180320015636,12,11,Turn,V.S.A.,2455,1,BB,4770,0,call,0
20180320015636,13,1,Deal,ヽ(=^･ω･^=)丿,615,0,,400,160,call,160
20180320015636,13,2,Deal,V.S.A.,3945,1,SB,480,160,call,80
20180320015636,13,3,Deal,AllinWin,2960,1,BB,480,160,call,0
20180320015636,13,4,Flop,V.S.A.,3945,1,SB,480,0,check,
20180320015636,13,5,Flop,AllinWin,2800,1,BB,640,160,bet,160
20180320015636,13,6,Flop,ヽ(=^･ω･^=)丿,615,0,,640,0,fold,
20180320015636,13,7,Flop,V.S.A.,3945,1,SB,640,0,fold,
20180320015636,14,1,Deal,V.S.A.,3625,1,,800,320,call,320
20180320015636,14,2,Deal,AllinWin,3120,1,SB,960,320,call,160
20180320015636,14,3,Deal,ヽ(=^･ω･^=)丿,295,0,BB,960,320,call,0
20180320015636,14,4,Flop,AllinWin,3120,1,SB,960,0,fold,
20180320015636,14,5,Flop,ヽ(=^･ω･^=)丿,295,0,BB,960,0,fold,
20180320015636,14,6,Flop,V.S.A.,3625,1,,960,0,call,0
20180320015636,15,1,Deal,AllinWin,3120,1,,480,0,fold,
20180320015636,15,2,Deal,ヽ(=^･ω･^=)丿,0,0,SB,615,295,allin,135
20180320015636,15,3,Deal,V.S.A.,4265,1,BB,615,320,call,0
20180320015636,16,1,Deal,ヽ(=^･ω･^=)丿,680,1,,800,320,call,320
20180320015636,16,2,Deal,V.S.A.,4560,1,SB,960,320,call,160
20180320015636,16,3,Deal,AllinWin,2800,1,BB,960,320,fold,
20180320015636,16,4,Flop,V.S.A.,4560,1,SB,960,0,check,
20180320015636,16,5,Flop,ヽ(=^･ω･^=)丿,680,1,,960,0,fold,
20180320015636,17,1,Deal,V.S.A.,4880,1,,1600,640,call,640
20180320015636,17,2,Deal,AllinWin,2480,1,SB,1600,320,fold,
20180320015636,17,3,Deal,ヽ(=^･ω･^=)丿,40,1,BB,1600,640,call,0
20180320015636,17,4,Flop,ヽ(=^･ω･^=)丿,0,1,BB,1640,40,allin,40
20180320015636,17,5,Flop,V.S.A.,4880,1,,1640,0,fold,
20180320015636,18,1,Deal,AllinWin,2480,1,,960,0,fold,
20180320015636,18,2,Deal,ヽ(=^･ω･^=)丿,1000,1,SB,1280,640,call,320
20180320015636,18,3,Deal,V.S.A.,4240,1,BB,1280,640,call,0
20180320015636,18,4,Flop,ヽ(=^･ω･^=)丿,1000,1,SB,1280,0,fold,
20180320015636,18,5,Flop,V.S.A.,4240,1,BB,1280,0,call,0
20180320015636,19,1,Deal,ヽ(=^･ω･^=)丿,1000,1,,960,0,fold,
20180320015636,19,2,Deal,V.S.A.,4880,1,SB,1280,640,call,320
20180320015636,19,3,Deal,AllinWin,1840,1,BB,1280,640,fold,
20180320015636,20,1,Deal,V.S.A.,5160,1,,2640,1000,call,1000
20180320015636,20,2,Deal,AllinWin,840,1,SB,3000,1000,call,360
20180320015636,20,3,Flop,AllinWin,0,1,SB,3840,840,allin,840
20180320015636,20,4,Flop,V.S.A.,4320,1,,4680,840,call,840
20180320015636,21,1,Deal,AllinWin,0,2,,2920,1000,allin,1000
20180320015636,21,2,Deal,ヽ(=^･ω･^=)丿,0,2,SB,3280,1000,allin,360
20180320015636,21,3,Deal,V.S.A.,7720,1,BB,3280,1280,call,0
