﻿game_id,round_id,turn_id,roundName,playerName,chips,reloadCount,position,pot,bet,action,amount
20180320072357,1,1,Deal,AllinWin,980,0,,50,20,call,20
20180320072357,1,2,Deal,惡意送頭,130,0,,920,870,bet,870
20180320072357,1,3,Deal,ヽ(=^･ω･^=)丿,990,0,SB,920,10,fold,
20180320072357,1,4,Deal,V.S.A.,130,0,BB,1770,870,call,850
20180320072357,1,5,Deal,AllinWin,980,0,,1770,20,fold,
20180320072357,1,6,Flop,V.S.A.,130,0,BB,1770,0,check,
20180320072357,1,7,Flop,惡意送頭,130,0,,1770,0,fold,
20180320072357,2,1,Deal,惡意送頭,1260,2,,900,870,bet,870
20180320072357,2,2,Deal,ヽ(=^･ω･^=)丿,990,0,,900,0,fold,
20180320072357,2,3,Deal,V.S.A.,1030,0,SB,1760,870,call,860
20180320072357,2,4,Deal,AllinWin,110,0,BB,2610,870,call,850
20180320072357,2,5,Flop,V.S.A.,1030,0,SB,2610,0,check,
20180320072357,2,6,Flop,AllinWin,90,0,BB,2630,20,bet,20
20180320072357,2,7,Flop,惡意送頭,1260,2,,2630,0,fold,
20180320072357,2,8,Flop,V.S.A.,1030,0,SB,2630,0,fold,
20180320072357,3,1,Deal,ヽ(=^･ω･^=)丿,970,0,,50,20,call,20
20180320072357,3,2,Deal,V.S.A.,1010,0,,70,20,call,20
20180320072357,3,3,Deal,AllinWin,2700,0,SB,80,20,call,10
20180320072357,3,4,Deal,惡意送頭,370,2,BB,950,890,bet,870
20180320072357,3,5,Deal,ヽ(=^･ω･^=)丿,970,0,,950,20,fold,
20180320072357,3,6,Deal,V.S.A.,140,0,,1820,890,call,870
20180320072357,3,7,Deal,AllinWin,1830,0,SB,2690,890,call,870
20180320072357,3,8,Flop,AllinWin,1810,0,SB,2710,20,bet,20
20180320072357,3,9,Flop,惡意送頭,370,2,BB,2710,0,fold,
20180320072357,3,10,Flop,V.S.A.,140,0,,2710,0,fold,
20180320072357,4,1,Deal,V.S.A.,1120,1,,50,20,call,20
20180320072357,4,2,Deal,AllinWin,4520,0,,50,0,fold,
20180320072357,4,3,Deal,惡意送頭,1,2,SB,409,369,bet,359
20180320072357,4,4,Deal,ヽ(=^･ω･^=)丿,950,0,BB,409,20,fold,
20180320072357,4,5,Deal,V.S.A.,771,1,,758,369,call,349
20180320072357,4,6,Flop,惡意送頭,1,2,SB,758,0,fold,
20180320072357,4,7,Flop,V.S.A.,771,1,,758,0,call,0
20180320072357,5,1,Deal,AllinWin,4480,0,,100,40,call,40
20180320072357,5,2,Deal,惡意送頭,0,2,,101,1,allin,1
20180320072357,5,3,Deal,ヽ(=^･ω･^=)丿,910,0,SB,121,40,call,20
20180320072357,5,4,Deal,V.S.A.,1489,1,BB,121,40,call,0
20180320072357,5,5,Flop,ヽ(=^･ω･^=)丿,910,0,SB,121,0,fold,
20180320072357,5,6,Flop,V.S.A.,1338,1,BB,272,151,bet,151
20180320072357,5,7,Flop,AllinWin,4329,0,,423,151,call,151
20180320072357,5,8,Turn,V.S.A.,1338,1,BB,423,0,check,
20180320072357,5,9,Turn,AllinWin,4329,0,,423,0,check,
20180320072357,5,10,River,V.S.A.,1188,1,BB,573,150,bet,150
20180320072357,5,11,River,AllinWin,4329,0,,573,0,fold,
20180320072357,6,1,Deal,惡意送頭,0,2,,64,4,allin,4
20180320072357,6,2,Deal,ヽ(=^･ω･^=)丿,910,0,,64,0,fold,
20180320072357,6,3,Deal,V.S.A.,1717,1,SB,84,40,call,20
20180320072357,6,4,Deal,AllinWin,4289,0,BB,84,40,call,0
20180320072357,6,5,Flop,V.S.A.,1717,1,SB,84,0,check,
20180320072357,6,6,Flop,AllinWin,4289,0,BB,84,0,fold,
20180320072357,7,1,Deal,ヽ(=^･ω･^=)丿,910,0,,32,0,fold,
20180320072357,7,2,Deal,V.S.A.,1769,1,,52,20,call,20
20180320072357,7,3,Deal,AllinWin,4269,0,SB,52,20,fold,
20180320072357,8,1,Deal,V.S.A.,1600,1,,245,185,bet,185
20180320072357,8,2,Deal,AllinWin,4084,0,,430,185,call,185
20180320072357,8,3,Deal,惡意送頭,0,2,SB,446,36,allin,16
20180320072357,8,4,Deal,ヽ(=^･ω･^=)丿,725,0,BB,591,185,call,145
20180320072357,8,5,Flop,ヽ(=^･ω･^=)丿,725,0,BB,591,0,fold,
20180320072357,8,6,Flop,V.S.A.,1431,1,,760,169,bet,169
20180320072357,8,7,Flop,AllinWin,4084,0,,760,0,fold,
20180320072357,9,1,Deal,AllinWin,4004,0,,200,80,call,80
20180320072357,9,2,Deal,ヽ(=^･ω･^=)丿,645,0,SB,240,80,call,40
20180320072357,9,3,Deal,V.S.A.,2111,1,BB,240,80,call,0
20180320072357,9,4,Flop,ヽ(=^･ω･^=)丿,645,0,SB,240,0,fold,
20180320072357,9,5,Flop,V.S.A.,2111,1,BB,240,0,check,
20180320072357,9,6,Flop,AllinWin,3924,0,,320,80,bet,80
20180320072357,9,7,Flop,V.S.A.,2111,1,BB,320,0,fold,
20180320072357,10,1,Deal,ヽ(=^･ω･^=)丿,565,0,,200,80,call,80
20180320072357,10,2,Deal,V.S.A.,2031,1,SB,240,80,call,40
20180320072357,10,3,Deal,AllinWin,4164,0,BB,240,80,call,0
20180320072357,10,4,Flop,V.S.A.,2031,1,SB,240,0,check,
20180320072357,10,5,Flop,AllinWin,4164,0,BB,240,0,fold,
20180320072357,10,6,Flop,ヽ(=^･ω･^=)丿,565,0,,240,0,fold,
20180320072357,11,1,Deal,V.S.A.,2191,1,,200,80,call,80
20180320072357,11,2,Deal,AllinWin,4124,0,SB,200,40,fold,
20180320072357,11,3,Deal,ヽ(=^･ω･^=)丿,485,0,BB,200,80,call,0
20180320072357,11,4,Flop,ヽ(=^･ω･^=)丿,405,0,BB,280,80,bet,80
20180320072357,11,5,Flop,V.S.A.,1461,1,,1010,730,bet,730
20180320072357,11,6,Flop,ヽ(=^･ω･^=)丿,0,0,BB,1415,485,allin,405
20180320072357,12,1,Deal,AllinWin,4124,0,,240,0,fold,
20180320072357,12,2,Deal,ヽ(=^･ω･^=)丿,425,0,SB,320,160,call,80
20180320072357,12,3,Deal,V.S.A.,2131,1,BB,320,160,call,0
20180320072357,12,4,Flop,ヽ(=^･ω･^=)丿,425,0,SB,320,0,fold,
20180320072357,12,5,Flop,V.S.A.,2131,1,BB,320,0,call,0
20180320072357,13,1,Deal,ヽ(=^･ω･^=)丿,265,0,,400,160,call,160
20180320072357,13,2,Deal,V.S.A.,2291,1,SB,480,160,call,80
20180320072357,13,3,Deal,AllinWin,3804,0,BB,640,320,bet,160
20180320072357,13,4,Deal,ヽ(=^･ω･^=)丿,105,0,,800,320,call,160
20180320072357,13,5,Deal,V.S.A.,2131,1,SB,960,320,call,160
20180320072357,13,6,Flop,V.S.A.,2131,1,SB,960,0,check,
20180320072357,13,7,Flop,AllinWin,3644,0,BB,1120,160,bet,160
20180320072357,13,8,Flop,ヽ(=^･ω･^=)丿,105,0,,1120,0,fold,
20180320072357,13,9,Flop,V.S.A.,2131,1,SB,1120,0,fold,
20180320072357,14,1,Deal,V.S.A.,2026,1,,290,105,call,105
20180320072357,14,2,Deal,AllinWin,4524,0,SB,450,240,bet,160
20180320072357,14,3,Deal,V.S.A.,1891,1,,585,240,call,135
20180320072357,14,4,Flop,AllinWin,4524,0,SB,585,0,fold,
20180320072357,14,5,Flop,V.S.A.,1891,1,,585,0,call,0
20180320072357,15,1,Deal,AllinWin,4524,0,,480,0,fold,
20180320072357,15,2,Deal,ヽ(=^･ω･^=)丿,0,0,SB,635,315,allin,155
20180320072357,15,3,Deal,V.S.A.,1841,1,BB,635,320,call,0
20180320072357,16,1,Deal,ヽ(=^･ω･^=)丿,0,0,,795,315,allin,315
20180320072357,16,2,Deal,V.S.A.,1841,1,SB,955,320,call,160
20180320072357,16,3,Deal,AllinWin,4204,0,BB,955,320,fold,
20180320072357,17,1,Deal,V.S.A.,2476,1,,800,320,call,320
20180320072357,17,2,Deal,AllinWin,3884,0,SB,960,320,call,160
20180320072357,17,3,Deal,ヽ(=^･ω･^=)丿,680,1,BB,960,320,call,0
20180320072357,17,4,Flop,AllinWin,3884,0,SB,960,0,check,
20180320072357,17,5,Flop,ヽ(=^･ω･^=)丿,680,1,BB,960,0,fold,
20180320072357,17,6,Flop,V.S.A.,2476,1,,960,0,check,
20180320072357,17,7,Turn,AllinWin,3884,0,SB,960,0,check,
20180320072357,17,8,Turn,V.S.A.,2476,1,,960,0,check,
20180320072357,17,9,River,AllinWin,3564,0,SB,1280,320,bet,320
20180320072357,17,10,River,V.S.A.,2156,1,,1600,320,call,320
20180320072357,18,1,Deal,AllinWin,4524,0,,1600,640,call,640
20180320072357,18,2,Deal,ヽ(=^･ω･^=)丿,0,1,SB,1960,680,allin,360
20180320072357,18,3,Deal,V.S.A.,876,1,BB,2600,1280,bet,640
20180320072357,18,4,Deal,AllinWin,3884,0,,3240,1280,call,640
20180320072357,18,5,Flop,V.S.A.,236,1,BB,3880,640,bet,640
20180320072357,18,6,Flop,AllinWin,3884,0,,3880,0,fold,
20180320072357,19,1,Deal,ヽ(=^･ω･^=)丿,1000,2,,960,0,fold,
20180320072357,19,2,Deal,V.S.A.,3476,1,SB,1280,640,call,320
20180320072357,19,3,Deal,AllinWin,3244,0,BB,1280,640,call,0
20180320072357,19,4,Flop,V.S.A.,3476,1,SB,1280,0,check,
20180320072357,19,5,Flop,AllinWin,2604,0,BB,1920,640,bet,640
20180320072357,19,6,Flop,V.S.A.,2836,1,SB,2560,640,call,640
20180320072357,19,7,Turn,V.S.A.,2836,1,SB,2560,0,check,
20180320072357,19,8,Turn,AllinWin,2604,0,BB,2560,0,check,
20180320072357,19,9,River,V.S.A.,2196,1,SB,3200,640,bet,640
20180320072357,19,10,River,AllinWin,1964,0,BB,3840,640,call,640
20180320072357,20,1,Deal,V.S.A.,5396,1,,1600,640,call,640
20180320072357,20,2,Deal,AllinWin,1324,0,SB,1920,640,call,320
20180320072357,20,3,Deal,ヽ(=^･ω･^=)丿,360,2,BB,1920,640,call,0
20180320072357,20,4,Flop,AllinWin,684,0,SB,2560,640,bet,640
20180320072357,20,5,Flop,ヽ(=^･ω･^=)丿,0,2,BB,2920,360,allin,360
20180320072357,20,6,Flop,V.S.A.,4756,1,,3560,640,call,640
20180320072357,20,7,Turn,AllinWin,684,0,SB,3560,0,fold,
20180320072357,20,8,Turn,V.S.A.,4756,1,,3560,0,call,0
20180320072357,21,1,Deal,AllinWin,0,0,,2604,684,allin,684
20180320072357,21,2,Deal,ヽ(=^･ω･^=)丿,1720,2,SB,3244,1280,call,640
20180320072357,21,3,Deal,V.S.A.,4036,1,BB,3244,1280,call,0
20180320072357,21,4,Flop,ヽ(=^･ω･^=)丿,1720,2,SB,3244,0,fold,
20180320072357,21,5,Flop,V.S.A.,4036,1,BB,3244,0,call,0
20180320072357,22,1,Deal,ヽ(=^･ω･^=)丿,440,2,,3200,1280,call,1280
20180320072357,22,2,Deal,V.S.A.,3948,1,SB,3840,1280,call,640
20180320072357,22,3,Deal,AllinWin,772,0,BB,3840,1280,fold,
20180320072357,22,4,Flop,V.S.A.,3948,1,SB,3840,0,check,
20180320072357,22,5,Flop,ヽ(=^･ω･^=)丿,440,2,,3840,0,fold,
20180320072357,23,1,Deal,V.S.A.,7148,1,,1720,640,call,640
20180320072357,23,2,Deal,AllinWin,132,0,SB,1720,640,call,0
20180320072357,23,3,Flop,AllinWin,132,0,SB,1720,0,fold,
20180320072357,23,4,Flop,V.S.A.,7148,1,,1720,0,call,0
