﻿game_id,round_id,turn_id,roundName,playerName,chips,reloadCount,position,pot,bet,action,amount
20180320052613,1,1,Deal,AllinWin,980,0,,50,20,call,20
20180320052613,1,2,Deal,惡意送頭,130,0,,920,870,bet,870
20180320052613,1,3,Deal,ヽ(=^･ω･^=)丿,990,0,SB,920,10,fold,
20180320052613,1,4,Deal,V.S.A.,130,0,BB,1770,870,call,850
20180320052613,1,5,Deal,AllinWin,980,0,,1770,20,fold,
20180320052613,1,6,Flop,V.S.A.,130,0,BB,1770,0,check,
20180320052613,1,7,Flop,惡意送頭,130,0,,1770,0,fold,
20180320052613,2,1,Deal,惡意送頭,1260,2,,900,870,bet,870
20180320052613,2,2,Deal,ヽ(=^･ω･^=)丿,990,0,,900,0,fold,
20180320052613,2,3,Deal,V.S.A.,1030,0,SB,1760,870,call,860
20180320052613,2,4,Deal,AllinWin,110,0,BB,2610,870,call,850
20180320052613,2,5,Flop,V.S.A.,923,0,SB,2717,107,bet,107
20180320052613,2,6,Flop,AllinWin,3,0,BB,2824,107,call,107
20180320052613,2,7,Flop,惡意送頭,1260,2,,2824,0,fold,
20180320052613,2,8,Turn,V.S.A.,678,0,SB,3069,245,bet,245
20180320052613,2,9,Turn,AllinWin,0,0,BB,3072,3,allin,3
20180320052613,3,1,Deal,ヽ(=^･ω･^=)丿,990,0,,30,0,fold,
20180320052613,3,2,Deal,V.S.A.,900,0,,50,20,call,20
20180320052613,3,3,Deal,AllinWin,2800,0,SB,70,30,bet,20
20180320052613,3,4,Deal,惡意送頭,370,2,BB,940,890,bet,870
20180320052613,3,5,Deal,V.S.A.,30,0,,1810,890,call,870
20180320052613,3,6,Deal,AllinWin,1940,0,SB,2670,890,call,860
20180320052613,3,7,Flop,AllinWin,1940,0,SB,2670,0,check,
20180320052613,3,8,Flop,惡意送頭,370,2,BB,2670,0,fold,
20180320052613,3,9,Flop,V.S.A.,10,0,,2690,20,bet,20
20180320052613,3,10,Flop,AllinWin,1920,0,SB,2710,20,call,20
20180320052613,3,11,Turn,AllinWin,1920,0,SB,2710,0,fold,
20180320052613,3,12,Turn,V.S.A.,10,0,,2710,0,call,0
20180320052613,4,1,Deal,V.S.A.,2700,0,,50,20,call,20
20180320052613,4,2,Deal,AllinWin,1920,0,,50,0,fold,
20180320052613,4,3,Deal,惡意送頭,1,2,SB,409,369,bet,359
20180320052613,4,4,Deal,ヽ(=^･ω･^=)丿,970,0,BB,409,20,fold,
20180320052613,4,5,Deal,V.S.A.,2351,0,,758,369,call,349
20180320052613,4,6,Flop,惡意送頭,1,2,SB,758,0,fold,
20180320052613,4,7,Flop,V.S.A.,2351,0,,758,0,call,0
20180320052613,5,1,Deal,AllinWin,1880,0,,100,40,call,40
20180320052613,5,2,Deal,惡意送頭,0,2,,101,1,allin,1
20180320052613,5,3,Deal,ヽ(=^･ω･^=)丿,930,0,SB,121,40,call,20
20180320052613,5,4,Deal,V.S.A.,3069,0,BB,121,40,call,0
20180320052613,5,5,Flop,ヽ(=^･ω･^=)丿,930,0,SB,121,0,fold,
20180320052613,5,6,Flop,V.S.A.,3069,0,BB,121,0,check,
20180320052613,5,7,Flop,AllinWin,1880,0,,121,0,fold,
20180320052613,6,1,Deal,ヽ(=^･ω･^=)丿,890,0,,100,40,call,40
20180320052613,6,2,Deal,V.S.A.,3150,0,SB,120,40,call,20
20180320052613,6,3,Deal,AllinWin,1800,0,BB,160,80,bet,40
20180320052613,6,4,Deal,ヽ(=^･ω･^=)丿,850,0,,200,80,call,40
20180320052613,6,5,Deal,V.S.A.,3110,0,SB,240,80,call,40
20180320052613,6,6,Flop,V.S.A.,3110,0,SB,240,0,check,
20180320052613,6,7,Flop,AllinWin,1800,0,BB,240,0,fold,
20180320052613,6,8,Flop,ヽ(=^･ω･^=)丿,850,0,,240,0,fold,
20180320052613,7,1,Deal,V.S.A.,3310,0,,100,40,call,40
20180320052613,7,2,Deal,AllinWin,1780,0,SB,100,20,fold,
20180320052613,7,3,Deal,ヽ(=^･ω･^=)丿,810,0,BB,100,40,call,0
20180320052613,7,4,Flop,ヽ(=^･ω･^=)丿,810,0,BB,100,0,fold,
20180320052613,7,5,Flop,V.S.A.,3310,0,,100,0,call,0
20180320052613,8,1,Deal,AllinWin,1700,0,,200,80,call,80
20180320052613,8,2,Deal,ヽ(=^･ω･^=)丿,730,0,SB,240,80,call,40
20180320052613,8,3,Deal,V.S.A.,3330,0,BB,240,80,call,0
20180320052613,8,4,Flop,ヽ(=^･ω･^=)丿,730,0,SB,240,0,fold,
20180320052613,8,5,Flop,V.S.A.,3330,0,BB,240,0,check,
20180320052613,8,6,Flop,AllinWin,1620,0,,320,80,bet,80
20180320052613,8,7,Flop,V.S.A.,3250,0,BB,400,80,call,80
20180320052613,8,8,Turn,V.S.A.,3250,0,BB,400,0,check,
20180320052613,8,9,Turn,AllinWin,1540,0,,480,80,bet,80
20180320052613,8,10,Turn,V.S.A.,3250,0,BB,480,0,fold,
20180320052613,9,1,Deal,ヽ(=^･ω･^=)丿,650,0,,200,80,call,80
20180320052613,9,2,Deal,V.S.A.,3170,0,SB,240,80,call,40
20180320052613,9,3,Deal,AllinWin,1860,0,BB,320,160,bet,80
20180320052613,9,4,Deal,ヽ(=^･ω･^=)丿,570,0,,400,160,call,80
20180320052613,9,5,Deal,V.S.A.,3090,0,SB,480,160,call,80
20180320052613,9,6,Flop,V.S.A.,2027,0,SB,1543,1063,bet,1063
20180320052613,9,7,Flop,AllinWin,797,0,BB,2606,1063,call,1063
20180320052613,9,8,Flop,ヽ(=^･ω･^=)丿,570,0,,2606,0,fold,
20180320052613,9,9,Turn,V.S.A.,1019,0,SB,3614,1008,bet,1008
20180320052613,9,10,Turn,AllinWin,0,0,BB,4411,797,allin,797
20180320052613,10,1,Deal,V.S.A.,5350,0,,200,80,call,80
20180320052613,10,2,Deal,AllinWin,960,1,SB,200,40,fold,
20180320052613,10,3,Deal,ヽ(=^･ω･^=)丿,490,0,BB,200,80,call,0
20180320052613,10,4,Flop,ヽ(=^･ω･^=)丿,410,0,BB,280,80,bet,80
20180320052613,10,5,Flop,V.S.A.,5350,0,,280,0,fold,
20180320052613,11,1,Deal,AllinWin,960,1,,240,0,fold,
20180320052613,11,2,Deal,ヽ(=^･ω･^=)丿,530,0,SB,320,160,call,80
20180320052613,11,3,Deal,V.S.A.,5190,0,BB,320,160,call,0
20180320052613,11,4,Flop,ヽ(=^･ω･^=)丿,530,0,SB,320,0,fold,
20180320052613,11,5,Flop,V.S.A.,5190,0,BB,320,0,call,0
20180320052613,12,1,Deal,ヽ(=^･ω･^=)丿,370,0,,400,160,call,160
20180320052613,12,2,Deal,V.S.A.,5350,0,SB,480,160,call,80
20180320052613,12,3,Deal,AllinWin,800,1,BB,480,160,fold,
20180320052613,12,4,Flop,V.S.A.,5350,0,SB,480,0,check,
20180320052613,12,5,Flop,ヽ(=^･ω･^=)丿,370,0,,480,0,fold,
20180320052613,13,1,Deal,V.S.A.,5670,0,,400,160,call,160
20180320052613,13,2,Deal,AllinWin,720,1,SB,400,80,fold,
20180320052613,13,3,Deal,ヽ(=^･ω･^=)丿,210,0,BB,400,160,call,0
20180320052613,13,4,Flop,ヽ(=^･ω･^=)丿,210,0,BB,400,0,fold,
20180320052613,13,5,Flop,V.S.A.,5670,0,,400,0,call,0
20180320052613,14,1,Deal,AllinWin,400,1,,800,320,call,320
20180320052613,14,2,Deal,ヽ(=^･ω･^=)丿,0,0,SB,850,210,allin,50
20180320052613,14,3,Deal,V.S.A.,5750,0,BB,850,320,call,0
20180320052613,14,4,Flop,V.S.A.,5750,0,BB,850,0,check,
20180320052613,14,5,Flop,AllinWin,400,1,,850,0,fold,
20180320052613,15,1,Deal,ヽ(=^･ω･^=)丿,680,1,,800,320,call,320
20180320052613,15,2,Deal,V.S.A.,6280,0,SB,960,320,call,160
20180320052613,15,3,Deal,AllinWin,80,1,BB,960,320,call,0
20180320052613,15,4,Flop,V.S.A.,6280,0,SB,960,0,check,
20180320052613,15,5,Flop,AllinWin,80,1,BB,960,0,check,
20180320052613,15,6,Flop,ヽ(=^･ω･^=)丿,680,1,,960,0,fold,
20180320052613,15,7,Turn,V.S.A.,5610,0,SB,1630,670,bet,670
20180320052613,15,8,Turn,AllinWin,80,1,BB,1630,0,fold,
20180320052613,16,1,Deal,V.S.A.,6920,0,,720,320,call,320
20180320052613,16,2,Deal,ヽ(=^･ω･^=)丿,360,1,BB,720,320,call,0
20180320052613,16,3,Flop,ヽ(=^･ω･^=)丿,360,1,BB,720,0,fold,
20180320052613,16,4,Flop,V.S.A.,6920,0,,720,0,call,0
20180320052613,17,1,Deal,AllinWin,0,1,,1080,120,allin,120
20180320052613,17,2,Deal,ヽ(=^･ω･^=)丿,0,1,SB,1120,360,allin,40
20180320052613,17,3,Deal,V.S.A.,6880,0,BB,1120,640,call,0
20180320052613,18,1,Deal,ヽ(=^･ω･^=)丿,1000,2,,960,0,fold,
20180320052613,18,2,Deal,V.S.A.,7360,0,SB,1280,640,call,320
20180320052613,18,3,Deal,AllinWin,360,2,BB,1280,640,call,0
20180320052613,18,4,Flop,V.S.A.,7360,0,SB,1280,0,check,
20180320052613,18,5,Flop,AllinWin,360,2,BB,1280,0,fold,
20180320052613,19,1,Deal,V.S.A.,8000,0,,1600,640,call,640
20180320052613,19,2,Deal,AllinWin,0,2,SB,1640,360,allin,40
20180320052613,19,3,Deal,ヽ(=^･ω･^=)丿,360,2,BB,1640,640,call,0
20180320052613,19,4,Flop,ヽ(=^･ω･^=)丿,360,2,BB,1640,0,fold,
20180320052613,19,5,Flop,V.S.A.,8000,0,,1640,0,call,0
20180320052613,20,1,Deal,AllinWin,0,2,,2720,1080,allin,1080
20180320052613,20,2,Deal,V.S.A.,7280,0,BB,2720,1280,call,0
