﻿round_id,turn,N,Nnf,roundName,first,hole,board,Nsim,prWin,prWinStd,chips,reld,chips_total,pot,bet,cost_on_table,cost_to_call,cost_total,maxBet_all,N_maxBet_all,prWin_adj,limitBet,util_fold,util_call,util_raise_coeff,action,amount,cputime
1,0,9,7,deal,False,♦2 ♥A,,20000,0.12192222222223485,0.32719595650103445,1000,0,3000,0,0,0,20,20,20,4,0.17590955504490555,76.36263963299963,0,2.86824215583772,-0.6481808899101889,call,0,0.12210774421691895
1,1,9,5,flop,False,♦2 ♥A,♦J ♥5 ♣2,559,0.1449016100178891,0.35200160998511454,980,0,2980,20,0,20,20,40,20,1,0.22254017826327602,162.88984791339067,0,22.282633870022444,-0.554919643473448,call,0,1.261979103088379
1,2,9,4,turn,False,♦2 ♥A,♦J ♥5 ♣2 ♥10,340,0.052941176470588235,0.22391607424322682,960,0,2960,40,0,40,20,60,20,1,0.11192413171050156,117.28230394161253,0,10.219515561835419,-0.7761517365789969,call,0,1.2457349300384521
1,3,9,4,river,False,♦2 ♥A,♦J ♥5 ♣2 ♥10 ♣4,563,0.0,0.0,940,0,2940,60,0,60,20,80,20,1,0.0,-0.0,0,-20.0,-1.0,fold,0,1.2640669345855713
2,0,9,7,deal,False,♦A ♠9,,20000,0.14469444444446128,0.3517924987707526,940,0,2940,0,0,0,20,20,20,3,0.20098124424778172,86.78579028205358,0,2.10793686725599,-0.5980375115044365,call,0,0.11553096771240234
2,1,9,6,deal,False,♦A ♠9,,20000,0.14469444444446128,0.3517924987707526,920,0,2920,0,20,20,20,40,40,3,0.20098124424778172,86.19541075632533,0,24.21587373451198,-0.5980375115044365,call,0,0.10132193565368652
2,2,9,5,flop,False,♦A ♠9,♣9 ♠3 ♦Q,520,0.21923076923076923,0.410224357722258,900,0,2900,40,0,40,400,440,400,2,0.3098394252011924,233.52228723970808,0,170.10454237019405,-0.3803211495976152,call,0,1.2711009979248047
2,3,9,4,flop,False,♦A ♠9,♣9 ♠3 ♦Q,1111,0.1935193519351935,0.39334396823680273,500,0,2500,40,400,440,500,940,950,2,0.2800394026706916,178.36408923646252,0,754.5765239646985,-0.4399211946586168,call,0,1.258579969406128
3,0,9,6,deal,False,♣10 ♥7,,20000,0.11159722222223173,0.3148702625122188,1000,1,2000,0,0,0,10,10,10,2,0.16040211291162565,46.00301307345227,0,-3.583915483534974,-0.6791957741767487,fold,0,0.11668777465820312
4,0,9,8,deal,False,♠2 ♦Q,,20000,0.09209166666667354,0.2891553070535414,1000,1,2000,0,0,0,20,20,20,2,0.1383565157952402,39.18315912442951,0,-7.547913578428382,-0.7232869684095196,fold,0,0.12919926643371582
5,0,9,8,deal,False,♠7 ♣6,,20000,0.1078250000000074,0.31015926453195913,1000,1,2000,0,0,0,20,20,20,1,0.15900127864778069,45.56436300079248,0,-8.869910494655352,-0.6819974427044386,fold,0,0.12005186080932617
6,0,9,9,deal,False,♣Q ♠7,,20000,0.10606388888889863,0.30791937315255435,1000,1,2000,0,0,0,20,20,20,1,0.1584101823248329,45.37948928034883,0,-8.911287237261698,-0.6831796353503342,fold,0,0.12589192390441895
7,0,9,5,deal,False,♠5 ♠8,,20000,0.13223333333334267,0.3387442676841864,980,1,1980,0,20,20,0,20,20,5,0.19151358017807532,55.37907742264112,-20,19.15135801780753,-0.6169728396438494,check,0,0.12144804000854492
7,1,9,5,flop,False,♠5 ♠8,♦3 ♣3 ♣8,168,0.21428571428571427,0.41032590332414487,980,1,1980,20,0,20,20,40,20,1,0.30281263438546613,155.08398683046266,0,28.450021501674584,-0.39437473122906774,call,0,1.234740972518921
7,2,9,4,turn,False,♠5 ♠8,♦3 ♣3 ♣8 ♦9,192,0.2526041666666667,0.4176989166644306,960,1,1960,40,0,40,20,60,20,1,0.3666095945737105,298.78165737374815,0,67.98630269769052,-0.266780810852579,call,0,1.2403242588043213
7,3,9,3,river,False,♠5 ♠8,♦3 ♣3 ♣8 ♦9 ♠2,190,0.21578947368421053,0.41136890588777114,940,1,1940,60,0,60,20,80,20,1,0.34149469326975296,351.9949983850557,0,82.4484079809259,-0.3170106134604941,call,0,1.2424299716949463
7,4,9,2,river,False,♠5 ♠8,♦3 ♣3 ♣8 ♦9 ♠2,618,0.28640776699029125,0.4520822469395655,920,1,1920,60,20,80,547,627,567,1,0.42455408118392524,460.7913325397377,0,277.0594715779989,-0.15089183763214953,call,0,1.2471129894256592
8,0,9,4,deal,False,♠A ♥J,,20000,0.17799722222224462,0.3825104065295603,363,1,1363,0,10,10,30,40,40,2,0.2468490953975655,50.83559719732026,-10,11.964346217586133,-0.506301809204869,call,0,0.1193699836730957
8,1,9,3,flop,True,♠A ♥J,♣K ♠5 ♠7,115,0.1565217391304348,0.3633492594048031,333,1,1333,40,0,40,20,60,0,9,0.2352497277922126,77.63415977938395,0,22.344951002598265,-0.5295005444155748,call,0,1.2419259548187256
8,2,9,3,flop,False,♠A ♥J,♣K ♠5 ♠7,647,0.08578052550231839,0.2779622827944335,313,1,1313,40,20,60,20,80,40,2,0.14645757609193644,45.15071405545392,0,21.0081213057422,-0.7070848478161271,call,0,1.2661471366882324
8,3,9,3,turn,True,♠A ♥J,♣K ♠5 ♠7 ♦2,135,0.037037037037037035,0.18885257457751053,293,1,1293,80,0,80,20,100,0,9,0.08657474332797212,39.08425678955323,0,5.972422998391636,-0.8268505133440558,fold,0,1.2406558990478516
9,0,9,7,deal,False,♦10 ♠K,,20000,0.1622055555555743,0.3686392725992197,293,1,1293,0,0,0,20,20,20,5,0.22671742826043778,43.73746344341066,0,14.007614239065667,-0.5465651434791244,call,0,0.1209568977355957
9,1,9,5,flop,False,♦10 ♠K,♦J ♣2 ♥6,826,0.08716707021791767,0.2788422339926331,273,1,1273,20,0,20,60,80,60,2,0.14837998890334167,44.39851151027217,0,0.8357954503700853,-0.7032400221933166,call,0,1.3042969703674316
9,2,9,4,turn,False,♦10 ♠K,♦J ♣2 ♥6 ♦6,596,0.06040268456375839,0.2382314006617295,213,1,1213,80,0,80,30,110,30,3,0.12288567344163248,53.09087715491203,0,35.12940692406522,-0.754228653116735,call,0,1.2851018905639648
9,3,9,4,river,False,♦10 ♠K,♦J ♣2 ♥6 ♦6 ♠Q,814,0.0,0.0,183,1,1183,110,0,110,30,140,30,3,0.0,-0.0,0,-30.0,-1.0,fold,0,1.2983720302581787
10,0,9,7,deal,False,♠Q ♦9,,20000,0.13704166666668147,0.34389133205694444,183,1,1183,0,0,0,40,40,40,4,0.19550319311636205,33.85753054121683,0,10.830830210254135,-0.6089936137672759,call,0,0.12204790115356445
10,1,9,5,flop,False,♠Q ♦9,♥7 ♥8 ♥Q,607,0.15060406370126303,0.34796147361976915,143,1,1143,40,0,40,143,183,1885,1,0.22814714492010596,64.27402470605413,0,781.2240840713492,-0.5437057101597881,call,0,1.287414789199829
11,0,8,6,deal,False,♠6 ♣J,,20000,0.11052222222222254,0.3135395678654995,1000,2,1000,0,0,0,40,40,40,2,0.16225625092003,23.29236756986362,0,-10.793874834394604,-0.67548749815994,fold,0,0.12091302871704102
12,0,8,7,deal,False,♣Q ♠6,,20000,0.1175937499999994,0.32212646578779747,1000,2,1000,0,0,0,40,40,40,2,0.17235524918392497,24.88800015235259,0,-8.976055146893504,-0.65528950163215,fold,0,0.12298893928527832
13,0,8,8,deal,False,♠10 ♦8,,20000,0.14354236111110996,0.35062508706274526,1000,2,1000,0,0,0,40,40,40,2,0.2049017513470904,30.166100666707894,0,-3.117684757523726,-0.5901964973058191,fold,0,0.11915183067321777
14,0,8,8,deal,False,♥2 ♣9,,20000,0.08022847222222264,0.2716465800762283,1000,2,1000,0,0,0,40,40,40,1,0.12912485663594375,18.18950601551229,0,-21.922520070967874,-0.7417502867281125,fold,0,0.12526297569274902
15,0,8,7,deal,False,♣5 ♥A,,20000,0.1476715277777792,0.3547740797487266,960,2,960,0,40,40,0,40,40,7,0.21330473253129364,30.301367769430556,-40,59.72532510876222,-0.5733905349374127,check,0,0.12093806266784668
15,1,8,7,flop,False,♣5 ♥A,♣J ♦9 ♣A,151,0.17549668874172186,0.3397766220015626,960,2,960,40,0,40,40,80,40,1,0.24460884970800179,58.47749155747806,0,57.84353988320072,-0.5107823005839964,call,0,1.2386460304260254
15,2,8,5,flop,False,♣5 ♥A,♣J ♦9 ♣A,880,0.23977272727272728,0.3968263606016107,920,2,920,40,40,80,660,740,700,1,0.31734301841765195,76.26683337289586,0,245.69697456397864,-0.3653139631646961,call,0,1.2718310356140137
15,3,8,5,turn,True,♣5 ♥A,♣J ♦9 ♣A ♦8,97,0.21649484536082475,0.3926333019080834,260,2,260,740,0,740,40,780,0,8,0.3202223048164215,33.50007565574397,0,1098.070071317562,-0.359555390367157,call,0,1.2385239601135254
15,4,8,4,river,True,♣5 ♥A,♣J ♦9 ♣A ♦8 ♠6,122,0.045081967213114756,0.1773064059400757,220,2,220,780,0,780,40,820,0,8,0.10818520158651601,10.939571592383109,0,357.4724306288598,-0.783629596826968,fold,0,1.2481069564819336
16,0,8,7,deal,False,♠Q ♦K,,20000,0.2041006944444503,0.4030429269590814,200,2,200,0,20,20,20,40,40,6,0.2806788505666758,8.668638007016947,-20,64.20365517000273,-0.4386422988666484,call,0,0.12472772598266602
16,1,8,6,flop,True,♠Q ♦K,♠2 ♠J ♣3,105,0.2,0.4,180,2,180,40,0,40,40,80,0,8,0.2712073129456331,12.365639448023831,0,57.63463266042791,-0.4575853741087338,call,0,1.2446980476379395
16,2,8,6,flop,False,♠Q ♦K,♠2 ♠J ♣3,1007,0.11271102284011916,0.3150594573662487,140,2,140,40,40,80,40,120,80,4,0.16900738669957077,5.628198565194624,0,88.44561389167379,-0.6619852266008585,call,0,1.2963361740112305
16,3,8,6,turn,True,♠Q ♦K,♠2 ♠J ♣3 ♥8,143,0.04195804195804196,0.20049330331232798,100,2,100,120,0,120,40,160,0,8,0.09187496427538694,3.217016626268342,0,37.17496999132503,-0.8162500714492261,fold,0,1.2405669689178467
17,0,6,5,deal,False,♣6 ♠K,,20000,0.17561547619048687,0.3804926815496921,100,2,100,0,0,0,40,40,40,3,0.2498115490926769,3.781535648796529,0,14.958540800388917,-0.5003769018146462,call,0,0.12346506118774414
17,1,6,3,flop,True,♣6 ♠K,♠A ♣K ♦7,557,0.2073608617594255,0.38165554934850526,60,2,60,40,0,40,40,80,0,6,0.27839645931531265,4.251040335378285,0,37.95100860828754,-0.4432070813693747,call,0,1.2890191078186035
17,2,6,2,flop,False,♣6 ♠K,♠A ♣K ♦7,956,0.2170502092050209,0.39196792982209877,20,2,20,40,40,80,20,100,947,1,0.2892809298471342,1.4830203132689186,0,334.9477009224337,-0.42143814030573157,call,0,1.2520339488983154
