﻿round_id,turn,N,Nnf,roundName,first,hole,board,Nsim,prWin,prWinStd,prWin_adj,chips,reld,stack,pot,bet,cost_to_call,pot_sum,bet_sum,maxBet_all,N_maxBet_all,bluff_freq,thd_call,bet_limit,action,amount,cputime
1,0,9,8,deal,False,♣5 ♣2,,60000,0.1157703703703704,0.3094486841158029,0.39092681829077736,1000,0,3000,0,0,20,0,70,20,3,0,0.2222222222222222,28.0,check,0,0.32521605491638184
1,1,9,6,flop,False,♣5 ♣2,♦10 ♥10 ♦J,606,0.01555869872701556,0.1106128158438195,0.027934734288106004,980,0,2980,20,0,500,160,1000,500,2,0,0.30120481927710846,34.32183442403451,fold,0,1.2631571292877197
2,0,9,8,deal,False,♦Q ♠8,,60000,0.1199425925925926,0.306657125827616,0.39935177119718407,980,0,2980,0,0,20,0,50,20,2,0,0.2857142857142857,20.0,check,0,0.3297579288482666
2,1,9,6,flop,False,♦Q ♠8,♥8 ♦K ♥6,692,0.16473988439306358,0.3590684261418842,0.20183444664728403,960,0,2960,20,0,20,150,20,20,1,0,0.10526315789473684,26.769207387565768,check,0,1.2696378231048584
2,2,9,4,turn,False,♦Q ♠8,♥8 ♦K ♥6 ♦10,639,0.06572769953051644,0.24302294378220132,0.06572769953051644,940,0,2940,40,0,20,230,20,20,1,0,0.07407407407407407,20.810810810810814,fold,0,1.2523179054260254
3,0,9,9,deal,False,♥Q ♥7,,60000,0.1446537037037037,0.33668566415031476,0.44715986162517507,940,0,2940,0,0,20,0,50,20,2,0,0.2857142857142857,40.0,check,0,0.31578922271728516
3,1,9,4,deal,False,♥Q ♥7,,60000,0.1446537037037037,0.33668566415031476,0.44715986162517507,920,0,2920,0,20,920,0,1050,4270,1,0,0.467005076142132,368.0,fold,0,0.32379603385925293
4,0,9,9,deal,False,♠8 ♣K,,60000,0.12214074074074074,0.3085491334043109,0.40538350837866655,920,0,2920,0,0,20,0,30,20,1,0,0.4,23.700000000000003,check,0,0.3441758155822754
4,1,9,7,flop,False,♠8 ♣K,♦Q ♣3 ♦A,654,0.04510703363914373,0.19057564432384164,0.0658609222278928,900,0,2900,20,0,20,160,20,20,1,0,0.1,13.65341961596433,fold,0,1.2817440032958984
5,0,9,7,deal,False,♣4 ♥8,,60000,0.0795351851851852,0.25761280061430963,0.3149330379146155,880,0,2880,0,20,0,0,140,20,7,0,-0.14285714285714285,0.0,check,0,0.32859206199645996
5,1,9,7,flop,False,♣4 ♥8,♣5 ♠A ♦5,633,0.03859174001354096,0.17827718363795286,0.05785372786948881,880,0,2880,20,0,20,140,20,20,1,0,0.1111111111111111,10.467798828784291,fold,0,1.2515950202941895
6,0,9,7,deal,False,♠8 ♦A,,60000,0.13597222222222224,0.32248889991945867,0.4358864045650236,870,0,2870,0,10,10,0,130,20,6,0,0.0,33.874833062939395,check,0,0.32799482345581055
6,1,9,7,flop,True,♠8 ♦A,♣9 ♦10 ♠J,353,0.14285714285714285,0.31722865777528364,0.17959948899889053,860,0,2860,20,0,20,140,0,0,9,0,0.125,10.0,check,0,1.2593731880187988
6,2,9,5,flop,False,♠8 ♦A,♣9 ♦10 ♠J,871,0.14917172379858948,0.32072718427743013,0.18657877814410637,860,0,2860,20,0,20,140,80,20,4,0,0.08333333333333333,10.0,check,0,1.2301950454711914
6,3,9,5,turn,True,♠8 ♦A,♣9 ♦10 ♠J ♣4,304,0.06085526315789474,0.22427400635927366,0.06085526315789474,840,0,2840,40,0,20,240,0,0,9,0,0.07692307692307693,18.29213483146068,fold,0,1.2621698379516602
7,0,9,7,deal,False,♥6 ♠9,,60000,0.09807962962962964,0.28308782697563084,0.35683701796973,840,0,2840,0,0,20,0,110,20,5,0,0.15384615384615385,34.14317440242016,check,0,0.34109997749328613
7,1,9,4,flop,False,♥6 ♠9,♣J ♣A ♥Q,658,0.028875379939209727,0.15651036094072454,0.04729556635814072,820,0,2820,20,0,20,140,60,20,3,0,0.09090909090909091,10.447338891219452,fold,0,1.2621848583221436
8,0,9,8,deal,False,♦3 ♣7,,60000,0.0738259259259259,0.2496774669156707,0.3000125239956106,820,0,2820,0,0,20,0,110,20,5,0,0.15384615384615385,26.251174198116754,check,0,0.3250560760498047
8,1,9,5,flop,False,♦3 ♣7,♠5 ♣6 ♦7,463,0.07505399568034557,0.25164236760478026,0.10535401738634034,800,0,2800,20,0,20,160,40,20,2,0,0.09090909090909091,10.0,check,0,1.2376351356506348
8,2,9,4,turn,False,♦3 ♣7,♠5 ♣6 ♦7 ♣5,628,0.05652866242038217,0.2095512562802101,0.057557729990908274,780,0,2780,40,0,20,260,40,20,2,0,0.0625,21.465004797811726,fold,0,1.2592971324920654
9,0,9,9,deal,False,♥3 ♣7,,60000,0.0738259259259259,0.2496774669156707,0.2987050870125489,780,0,2780,0,0,20,0,110,20,5,0,0.15384615384615385,20.35,check,0,0.34604692459106445
9,1,9,5,flop,False,♥3 ♣7,♣4 ♦2 ♠5,572,0.1652097902097902,0.33135751056964396,0.20977416412183159,760,0,2760,20,0,20,180,20,20,1,0,0.09090909090909091,27.2279631304048,check,0,1.2356069087982178
9,2,9,4,flop,False,♥3 ♣7,♣4 ♦2 ♠5,1217,0.1782388386743358,0.345913753632156,0.22416447936554426,740,0,2740,20,20,100,180,380,120,3,0,0.15151515151515152,92.5,check,0,1.2542409896850586
9,3,9,3,turn,False,♥3 ♣7,♣4 ♦2 ♠5 ♦5,701,0.09343794579172611,0.2722630574371837,0.09540741359095624,640,0,2640,140,0,20,660,20,20,1,0,0.02857142857142857,11.0,check,0,1.2462348937988281
9,4,9,3,turn,False,♥3 ♣7,♣4 ♦2 ♠5 ♦5,1324,0.10800604229607251,0.2891828818199829,0.1101064009352483,620,0,2620,140,20,100,660,260,120,2,0,0.09803921568627451,11.0,check,0,1.2505910396575928
9,5,9,2,river,True,♥3 ♣7,♣4 ♦2 ♠5 ♦5 ♣8,616,0.0,0.0,0.0,520,0,2520,260,0,20,1020,0,0,9,0,0.019230769230769232,0.0,fold,0,1.246387004852295
10,0,9,8,deal,False,♥J ♠6,,60000,0.09571851851851852,0.2786884339289453,0.3472636506907702,520,0,2520,0,0,40,0,140,40,3,0,0.2222222222222222,51.1,check,0,0.34955596923828125
10,1,9,5,flop,False,♥J ♠6,♥10 ♥4 ♣9,460,0.0641304347826087,0.23246389235241902,0.09475357812357366,480,0,2480,40,0,40,320,40,40,1,0,0.1,42.08709353501488,fold,0,1.238671064376831
11,0,9,8,deal,False,♣5 ♦8,,60000,0.09325,0.2779424784554983,0.3404150887438394,480,0,2480,0,0,40,0,100,40,2,0,0.2857142857142857,36.0,check,0,0.3691720962524414
11,1,9,7,flop,False,♣5 ♦8,♥8 ♣10 ♦5,681,0.4052863436123348,0.48869896676980307,0.46910950213385566,440,0,2440,40,0,40,320,40,40,1,0,0.1,220.0,check,0,1.2499241828918457
11,2,9,4,turn,False,♣5 ♦8,♥8 ♣10 ♦5 ♥7,451,0.2073170731707317,0.3991839060096916,0.21593186624735117,400,0,2400,80,0,40,520,40,40,1,0,0.06666666666666667,55.00000000000001,check,0,1.2517387866973877
11,3,9,3,river,False,♣5 ♦8,♥8 ♣10 ♦5 ♥7 ♣9,644,0.0,0.0,0.0,360,0,2360,120,0,40,640,40,40,1,0,0.05555555555555555,0.0,fold,0,1.2669131755828857
12,0,9,9,deal,False,♦2 ♠K,,60000,0.10094444444444445,0.28478359202646736,0.35550504364016794,360,0,2360,0,0,40,0,100,40,2,0,0.2857142857142857,36.0,check,0,0.3207099437713623
12,1,9,7,deal,False,♦2 ♠K,,60000,0.10094444444444445,0.28478359202646736,0.35550504364016794,320,0,2320,0,40,60,0,580,100,5,0,0.09375,57.599999999999994,check,0,0.33071279525756836
12,2,9,5,flop,False,♦2 ♠K,♥3 ♣10 ♥2,641,0.13884555382215288,0.34578528888021326,0.1855265678209817,260,0,2260,100,0,140,700,140,140,1,0,0.14285714285714285,20.0,check,0,1.2401652336120605
12,3,9,5,flop,False,♦2 ♠K,♥3 ♣10 ♥2,1314,0.1373668188736682,0.34006366266871,0.1838384342062499,120,0,2120,100,140,120,700,1060,600,1,0,0.06382978723404255,20.0,check,0,1.247987985610962
13,0,9,9,deal,False,♥K ♠J,,60000,0.16790000000000002,0.3531349048125129,0.4818730668449127,1000,1,2000,0,0,40,0,60,40,1,0,0.4,43.199999999999996,check,0,0.319979190826416
13,1,9,5,deal,False,♥K ♠J,,60000,0.16790000000000002,0.3531349048125129,0.4818730668449127,960,1,1960,0,40,960,0,1200,1420,1,0,0.4444444444444444,345.59999999999997,check,0,0.3120310306549072
14,0,9,8,deal,False,♠7 ♦Q,,60000,0.10687037037037038,0.2920346906920137,0.3663869997859242,3080,1,4080,0,40,0,0,320,40,8,0,-0.125,0.0,check,0,0.3319060802459717
14,1,9,8,flop,False,♠7 ♦Q,♠8 ♦7 ♣7,619,0.5896607431340872,0.48444933807034796,0.660985556472308,3080,1,4080,40,0,40,320,40,40,1,0,0.1,180.0,check,0,1.2493829727172852
14,2,9,6,turn,False,♠7 ♦Q,♠8 ♦7 ♣7 ♠6,444,0.34572072072072074,0.4568839557591306,0.36600338078862255,3040,1,4040,80,0,40,560,40,40,1,0,0.0625,104.09162339124157,check,0,1.2198328971862793
14,3,9,4,river,False,♠7 ♦Q,♠8 ♦7 ♣7 ♠6 ♥2,664,0.5406626506024096,0.4914971418149361,0.54170710630021,3000,1,4000,120,0,40,720,40,40,1,0,0.05,228.0,check,0,1.249932050704956
15,0,9,7,deal,False,♠2 ♦10,,60000,0.07997222222222224,0.2583470734896504,0.3078223823177455,3740,1,4740,0,20,20,0,260,40,6,0,0.0,25.932670554550334,check,0,0.30821990966796875
15,1,9,7,flop,True,♠2 ♦10,♦Q ♠7 ♦6,401,0.03740648379052369,0.1796290354644833,0.06586984395972091,3720,1,4720,40,0,40,280,0,0,9,0,0.125,21.241966322895387,fold,0,1.2795019149780273
16,0,9,9,deal,False,♥10 ♠8,,60000,0.12718333333333334,0.3177498565863308,0.4070530466715222,3720,1,4720,0,0,40,0,300,40,7,0,0.11764705882352941,91.8635396015074,check,0,0.3234550952911377
16,1,9,5,flop,False,♥10 ♠8,♥J ♥3 ♣J,599,0.07324707846410684,0.2471309813112309,0.11363103200574182,3680,1,4680,40,0,40,360,160,40,4,0,0.07142857142857142,20.0,check,0,1.2489988803863525
16,2,9,5,turn,False,♥10 ♠8,♥J ♥3 ♣J ♣8,678,0.11209439528023599,0.2994935727786916,0.12998207857132105,3640,1,4640,80,0,80,560,280,80,3,0,0.08695652173913043,22.0,check,0,1.2577729225158691
16,3,9,4,river,False,♥10 ♠8,♥J ♥3 ♣J ♣8 ♦J,630,0.3388888888888889,0.386061147846482,0.3454316796011176,3560,1,4560,160,0,100,960,250,100,2,0,0.07633587786259542,254.08893052975756,check,0,1.2508440017700195
17,0,9,9,deal,False,♠5 ♠7,,60000,0.1354888888888889,0.33059264373672337,0.42297470097861434,4140,1,5140,0,0,40,0,260,40,6,0,0.13333333333333333,107.87578122352966,check,0,0.33936309814453125
17,1,9,6,flop,False,♠5 ♠7,♣6 ♦4 ♥Q,630,0.2650793650793651,0.42519540362911,0.3356994384253001,4100,1,5100,40,0,40,340,80,40,2,0,0.08695652173913043,80.86406463956887,check,0,1.2424111366271973
17,2,9,5,turn,False,♠5 ♠7,♣6 ♦4 ♥Q ♣7,704,0.14204545454545456,0.3064848076623435,0.1642708559598894,4060,1,5060,80,0,40,580,80,40,2,0,0.05714285714285714,22.0,check,0,1.2469658851623535
17,3,9,3,river,False,♠5 ♠7,♣6 ♦4 ♥Q ♣7 ♠2,650,0.04384615384615385,0.20191538446885887,0.04788381315435336,4020,1,5020,120,0,40,780,40,40,1,0,0.046511627906976744,24.0,check,0,1.2442412376403809
