﻿game_id,round_id,turn_id,roundName,playerName,chips,reloadCount,position,pot,bet,action,amount
20180323151627,1,1,Deal,e0e88e3d27a4885d3dffb13f3b30d05b,980,0,1,50,20,call,20
20180323151627,1,2,Deal,4fb82145dc3003a76c5b44a7704422d3,1000,0,D,50,0,fold,0
20180323151627,1,3,Deal,ab2716a7e6448e0707e533a7e7255ea7,980,0,SB,60,20,call,10
20180323151627,1,4,Deal,a980d10665f268b0ec6c13ebea43034f,960,0,BB,80,40,bet,20
20180323151627,1,5,Deal,e0e88e3d27a4885d3dffb13f3b30d05b,960,0,1,100,40,call,20
20180323151627,1,6,Deal,ab2716a7e6448e0707e533a7e7255ea7,960,0,SB,120,40,call,20
20180323151627,1,7,Flop,ab2716a7e6448e0707e533a7e7255ea7,960,0,SB,120,0,fold,0
20180323151627,1,8,Flop,a980d10665f268b0ec6c13ebea43034f,940,0,BB,140,20,bet,20
20180323151627,1,9,Flop,e0e88e3d27a4885d3dffb13f3b30d05b,920,0,1,180,40,raise,40
20180323151627,1,10,Flop,a980d10665f268b0ec6c13ebea43034f,920,0,BB,200,40,call,20
20180323151627,1,11,Turn,a980d10665f268b0ec6c13ebea43034f,900,0,BB,220,20,bet,20
20180323151627,1,12,Turn,e0e88e3d27a4885d3dffb13f3b30d05b,852,0,1,288,68,bet,68
20180323151627,1,13,Turn,a980d10665f268b0ec6c13ebea43034f,784,0,BB,404,136,raise,116
20180323151627,1,14,Turn,e0e88e3d27a4885d3dffb13f3b30d05b,648,0,1,608,272,raise,204
20180323151627,1,15,Turn,a980d10665f268b0ec6c13ebea43034f,648,0,BB,744,272,call,136
20180323151627,1,16,River,a980d10665f268b0ec6c13ebea43034f,628,0,BB,764,20,bet,20
20180323151627,1,17,River,e0e88e3d27a4885d3dffb13f3b30d05b,424,0,1,988,224,bet,224
20180323151627,1,18,River,a980d10665f268b0ec6c13ebea43034f,424,0,BB,1192,224,call,204
20180323151627,2,1,Deal,4fb82145dc3003a76c5b44a7704422d3,980,0,1,50,20,call,20
20180323151627,2,2,Deal,ab2716a7e6448e0707e533a7e7255ea7,960,0,D,50,0,fold,0
20180323151627,2,3,Deal,a980d10665f268b0ec6c13ebea43034f,394,0,SB,70,30,bet,20
20180323151627,2,4,Deal,e0e88e3d27a4885d3dffb13f3b30d05b,2596,1,BB,70,20,fold,0
20180323151627,2,5,Deal,4fb82145dc3003a76c5b44a7704422d3,970,0,1,80,30,call,10
20180323151627,2,6,Flop,a980d10665f268b0ec6c13ebea43034f,394,0,SB,80,0,fold,0
20180323151627,2,7,Flop,4fb82145dc3003a76c5b44a7704422d3,970,0,1,80,0,call,0
20180323151627,3,1,Deal,ab2716a7e6448e0707e533a7e7255ea7,960,0,1,30,0,fold,0
20180323151627,3,2,Deal,a980d10665f268b0ec6c13ebea43034f,374,0,D,50,20,call,20
20180323151627,3,3,Deal,e0e88e3d27a4885d3dffb13f3b30d05b,3586,2,SB,50,10,fold,0
20180323151627,3,4,Deal,4fb82145dc3003a76c5b44a7704422d3,1030,0,BB,50,20,call,0
20180323151627,3,5,Flop,4fb82145dc3003a76c5b44a7704422d3,1030,0,BB,50,0,fold,0
20180323151627,3,6,Flop,a980d10665f268b0ec6c13ebea43034f,374,0,D,50,0,call,0
20180323151627,4,1,Deal,a980d10665f268b0ec6c13ebea43034f,424,0,1,30,0,fold,0
20180323151627,4,2,Deal,e0e88e3d27a4885d3dffb13f3b30d05b,3586,2,D,30,0,fold,0
20180323151627,4,3,Deal,4fb82145dc3003a76c5b44a7704422d3,1020,0,SB,30,10,fold,0
20180323151627,4,4,Deal,ab2716a7e6448e0707e533a7e7255ea7,940,0,BB,30,20,call,0
20180323151627,5,1,Deal,e0e88e3d27a4885d3dffb13f3b30d05b,3586,2,1,60,0,fold,0
20180323151627,5,2,Deal,4fb82145dc3003a76c5b44a7704422d3,1020,0,D,60,0,fold,0
20180323151627,5,3,Deal,ab2716a7e6448e0707e533a7e7255ea7,930,0,SB,80,40,call,20
20180323151627,5,4,Deal,a980d10665f268b0ec6c13ebea43034f,344,0,BB,120,80,bet,40
20180323151627,5,5,Deal,ab2716a7e6448e0707e533a7e7255ea7,890,0,SB,160,80,call,40
20180323151627,5,6,Flop,ab2716a7e6448e0707e533a7e7255ea7,890,0,SB,160,0,fold,0
20180323151627,5,7,Flop,a980d10665f268b0ec6c13ebea43034f,344,0,BB,160,0,call,0
20180323151627,6,1,Deal,4fb82145dc3003a76c5b44a7704422d3,1020,0,1,60,0,fold,0
20180323151627,6,2,Deal,ab2716a7e6448e0707e533a7e7255ea7,890,0,D,60,0,fold,0
20180323151627,6,3,Deal,a980d10665f268b0ec6c13ebea43034f,484,0,SB,60,20,fold,0
20180323151627,6,4,Deal,e0e88e3d27a4885d3dffb13f3b30d05b,3546,2,BB,60,40,call,0
20180323151627,7,1,Deal,ab2716a7e6448e0707e533a7e7255ea7,890,0,1,60,0,fold,0
20180323151627,7,2,Deal,a980d10665f268b0ec6c13ebea43034f,444,0,D,100,40,call,40
20180323151627,7,3,Deal,e0e88e3d27a4885d3dffb13f3b30d05b,3566,2,SB,120,40,call,20
20180323151627,7,4,Deal,4fb82145dc3003a76c5b44a7704422d3,980,0,BB,120,40,call,0
20180323151627,7,5,Flop,e0e88e3d27a4885d3dffb13f3b30d05b,3526,2,SB,160,40,bet,40
20180323151627,7,6,Flop,4fb82145dc3003a76c5b44a7704422d3,980,0,BB,160,0,fold,0
20180323151627,7,7,Flop,a980d10665f268b0ec6c13ebea43034f,364,0,D,240,80,raise,80
20180323151627,7,8,Flop,e0e88e3d27a4885d3dffb13f3b30d05b,3416,2,SB,350,150,bet,110
20180323151627,7,9,Flop,a980d10665f268b0ec6c13ebea43034f,294,0,D,420,150,call,70
20180323151627,7,10,Turn,e0e88e3d27a4885d3dffb13f3b30d05b,3153,2,SB,683,263,bet,263
20180323151627,7,11,Turn,a980d10665f268b0ec6c13ebea43034f,31,0,D,946,263,call,263
20180323151627,7,12,River,e0e88e3d27a4885d3dffb13f3b30d05b,2599,2,SB,1500,554,bet,554
20180323151627,7,13,River,a980d10665f268b0ec6c13ebea43034f,0,0,D,1531,31,allin,31
20180323151627,8,1,Deal,a980d10665f268b0ec6c13ebea43034f,1000,1,1,60,0,fold,0
20180323151627,8,2,Deal,e0e88e3d27a4885d3dffb13f3b30d05b,4090,2,D,100,40,call,40
20180323151627,8,3,Deal,4fb82145dc3003a76c5b44a7704422d3,940,0,SB,120,40,call,20
20180323151627,8,4,Deal,ab2716a7e6448e0707e533a7e7255ea7,850,0,BB,120,40,call,0
20180323151627,8,5,Flop,4fb82145dc3003a76c5b44a7704422d3,890,0,SB,170,50,bet,50
20180323151627,8,6,Flop,ab2716a7e6448e0707e533a7e7255ea7,750,0,BB,270,100,raise,100
20180323151627,8,7,Flop,e0e88e3d27a4885d3dffb13f3b30d05b,3990,2,D,370,100,call,100
20180323151627,8,8,Flop,4fb82145dc3003a76c5b44a7704422d3,740,0,SB,520,200,raise,150
20180323151627,8,9,Flop,ab2716a7e6448e0707e533a7e7255ea7,450,0,BB,820,400,raise,300
20180323151627,8,10,Flop,e0e88e3d27a4885d3dffb13f3b30d05b,3990,2,D,820,100,fold,0
20180323151627,8,11,Flop,4fb82145dc3003a76c5b44a7704422d3,540,0,SB,1020,400,call,200
20180323151627,8,12,Turn,4fb82145dc3003a76c5b44a7704422d3,490,0,SB,1070,50,bet,50
20180323151627,8,13,Turn,ab2716a7e6448e0707e533a7e7255ea7,350,0,BB,1170,100,raise,100
20180323151627,8,14,Turn,4fb82145dc3003a76c5b44a7704422d3,340,0,SB,1320,200,raise,150
20180323151627,8,15,Turn,ab2716a7e6448e0707e533a7e7255ea7,50,0,BB,1620,400,raise,300
20180323151627,8,16,Turn,4fb82145dc3003a76c5b44a7704422d3,140,0,SB,1820,400,call,200
20180323151627,8,17,River,4fb82145dc3003a76c5b44a7704422d3,90,0,SB,1870,50,bet,50
20180323151627,8,18,River,ab2716a7e6448e0707e533a7e7255ea7,0,0,BB,1920,50,allin,50
20180323151627,9,1,Deal,e0e88e3d27a4885d3dffb13f3b30d05b,3910,2,1,200,80,call,80
20180323151627,9,2,Deal,4fb82145dc3003a76c5b44a7704422d3,10,0,D,280,80,call,80
20180323151627,9,3,Deal,ab2716a7e6448e0707e533a7e7255ea7,1840,0,SB,320,80,call,40
20180323151627,9,4,Deal,a980d10665f268b0ec6c13ebea43034f,840,1,BB,400,160,bet,80
20180323151627,9,5,Deal,e0e88e3d27a4885d3dffb13f3b30d05b,3830,2,1,480,160,call,80
20180323151627,9,6,Deal,4fb82145dc3003a76c5b44a7704422d3,0,0,D,490,90,allin,10
20180323151627,9,7,Deal,ab2716a7e6448e0707e533a7e7255ea7,1760,0,SB,570,160,call,80
20180323151627,9,8,Flop,ab2716a7e6448e0707e533a7e7255ea7,1760,0,SB,570,0,fold,0
20180323151627,9,9,Flop,a980d10665f268b0ec6c13ebea43034f,760,1,BB,650,80,bet,80
20180323151627,9,10,Flop,e0e88e3d27a4885d3dffb13f3b30d05b,3468,2,1,1012,362,bet,362
20180323151627,9,11,Flop,a980d10665f268b0ec6c13ebea43034f,760,1,BB,1012,80,fold,0
20180323151627,10,1,Deal,4fb82145dc3003a76c5b44a7704422d3,1000,1,1,120,0,fold,0
20180323151627,10,2,Deal,ab2716a7e6448e0707e533a7e7255ea7,1760,0,D,120,0,fold,0
20180323151627,10,3,Deal,a980d10665f268b0ec6c13ebea43034f,640,1,SB,200,120,bet,80
20180323151627,10,4,Deal,e0e88e3d27a4885d3dffb13f3b30d05b,4400,2,BB,200,80,fold,0
20180323151627,11,1,Deal,ab2716a7e6448e0707e533a7e7255ea7,1760,0,1,120,0,fold,0
20180323151627,11,2,Deal,a980d10665f268b0ec6c13ebea43034f,840,1,D,120,0,fold,0
20180323151627,11,3,Deal,e0e88e3d27a4885d3dffb13f3b30d05b,4360,2,SB,120,40,fold,0
20180323151627,11,4,Deal,4fb82145dc3003a76c5b44a7704422d3,920,1,BB,120,80,call,0
20180323151627,12,1,Deal,a980d10665f268b0ec6c13ebea43034f,840,1,1,120,0,fold,0
20180323151627,12,2,Deal,e0e88e3d27a4885d3dffb13f3b30d05b,4360,2,D,120,0,fold,0
20180323151627,12,3,Deal,4fb82145dc3003a76c5b44a7704422d3,960,1,SB,160,80,call,40
20180323151627,12,4,Deal,ab2716a7e6448e0707e533a7e7255ea7,1680,0,BB,160,80,call,0
20180323151627,12,5,Flop,4fb82145dc3003a76c5b44a7704422d3,870,1,SB,250,90,bet,90
20180323151627,12,6,Flop,ab2716a7e6448e0707e533a7e7255ea7,1680,0,BB,250,0,fold,0
20180323151627,13,1,Deal,e0e88e3d27a4885d3dffb13f3b30d05b,4360,2,1,240,0,fold,0
20180323151627,13,2,Deal,4fb82145dc3003a76c5b44a7704422d3,1120,1,D,240,0,fold,0
20180323151627,13,3,Deal,ab2716a7e6448e0707e533a7e7255ea7,1520,0,SB,320,160,call,80
20180323151627,13,4,Deal,a980d10665f268b0ec6c13ebea43034f,520,1,BB,480,320,bet,160
20180323151627,13,5,Deal,ab2716a7e6448e0707e533a7e7255ea7,1360,0,SB,640,320,call,160
20180323151627,13,6,Flop,ab2716a7e6448e0707e533a7e7255ea7,1200,0,SB,800,160,bet,160
20180323151627,13,7,Flop,a980d10665f268b0ec6c13ebea43034f,520,1,BB,800,0,fold,0
20180323151627,14,1,Deal,4fb82145dc3003a76c5b44a7704422d3,1120,1,1,240,0,fold,0
20180323151627,14,2,Deal,ab2716a7e6448e0707e533a7e7255ea7,2000,0,D,240,0,fold,0
20180323151627,14,3,Deal,a980d10665f268b0ec6c13ebea43034f,280,1,SB,400,240,bet,160
20180323151627,14,4,Deal,e0e88e3d27a4885d3dffb13f3b30d05b,4200,2,BB,400,160,fold,0
20180323151627,15,1,Deal,ab2716a7e6448e0707e533a7e7255ea7,2000,0,1,240,0,fold,0
20180323151627,15,2,Deal,a980d10665f268b0ec6c13ebea43034f,680,1,D,240,0,fold,0
20180323151627,15,3,Deal,e0e88e3d27a4885d3dffb13f3b30d05b,4040,2,SB,320,160,call,80
20180323151627,15,4,Deal,4fb82145dc3003a76c5b44a7704422d3,960,1,BB,320,160,call,0
20180323151627,15,5,Flop,e0e88e3d27a4885d3dffb13f3b30d05b,3880,2,SB,480,160,bet,160
20180323151627,15,6,Flop,4fb82145dc3003a76c5b44a7704422d3,800,1,BB,640,160,call,160
20180323151627,15,7,Turn,e0e88e3d27a4885d3dffb13f3b30d05b,3720,2,SB,800,160,bet,160
20180323151627,15,8,Turn,4fb82145dc3003a76c5b44a7704422d3,640,1,BB,960,160,call,160
20180323151627,15,9,River,e0e88e3d27a4885d3dffb13f3b30d05b,3560,2,SB,1120,160,bet,160
20180323151627,15,10,River,4fb82145dc3003a76c5b44a7704422d3,480,1,BB,1280,160,call,160
20180323151627,16,1,Deal,a980d10665f268b0ec6c13ebea43034f,680,1,1,240,0,fold,0
20180323151627,16,2,Deal,e0e88e3d27a4885d3dffb13f3b30d05b,3560,2,D,240,0,fold,0
20180323151627,16,3,Deal,4fb82145dc3003a76c5b44a7704422d3,1600,1,SB,320,160,call,80
20180323151627,16,4,Deal,ab2716a7e6448e0707e533a7e7255ea7,1840,0,BB,320,160,call,0
20180323151627,16,5,Flop,4fb82145dc3003a76c5b44a7704422d3,1430,1,SB,490,170,bet,170
20180323151627,16,6,Flop,ab2716a7e6448e0707e533a7e7255ea7,1670,0,BB,660,170,call,170
20180323151627,16,7,Turn,4fb82145dc3003a76c5b44a7704422d3,1260,1,SB,830,170,bet,170
20180323151627,16,8,Turn,ab2716a7e6448e0707e533a7e7255ea7,1500,0,BB,1000,170,call,170
20180323151627,16,9,River,4fb82145dc3003a76c5b44a7704422d3,1090,1,SB,1170,170,bet,170
20180323151627,16,10,River,ab2716a7e6448e0707e533a7e7255ea7,1160,0,BB,1510,340,raise,340
20180323151627,16,11,River,4fb82145dc3003a76c5b44a7704422d3,580,1,SB,2020,680,raise,510
20180323151627,16,12,River,ab2716a7e6448e0707e533a7e7255ea7,140,0,BB,3040,1360,raise,1020
20180323151627,16,13,River,4fb82145dc3003a76c5b44a7704422d3,0,1,SB,3620,1260,allin,580
20180323151627,17,1,Deal,e0e88e3d27a4885d3dffb13f3b30d05b,3560,2,1,480,0,fold,0
20180323151627,17,2,Deal,4fb82145dc3003a76c5b44a7704422d3,680,2,D,800,320,call,320
20180323151627,17,3,Deal,ab2716a7e6448e0707e533a7e7255ea7,3440,0,SB,960,320,call,160
20180323151627,17,4,Deal,a980d10665f268b0ec6c13ebea43034f,40,1,BB,1280,640,bet,320
20180323151627,17,5,Deal,4fb82145dc3003a76c5b44a7704422d3,360,2,D,1600,640,call,320
20180323151627,17,6,Deal,ab2716a7e6448e0707e533a7e7255ea7,3120,0,SB,1920,640,call,320
20180323151627,17,7,Flop,ab2716a7e6448e0707e533a7e7255ea7,2800,0,SB,2240,320,bet,320
20180323151627,17,8,Flop,a980d10665f268b0ec6c13ebea43034f,0,1,BB,2280,40,allin,40
20180323151627,17,9,Flop,4fb82145dc3003a76c5b44a7704422d3,360,2,D,2280,0,fold,0
20180323151627,18,1,Deal,4fb82145dc3003a76c5b44a7704422d3,360,2,1,480,0,fold,0
20180323151627,18,2,Deal,ab2716a7e6448e0707e533a7e7255ea7,3080,0,D,480,0,fold,0
20180323151627,18,3,Deal,a980d10665f268b0ec6c13ebea43034f,1520,1,SB,800,480,bet,320
20180323151627,18,4,Deal,e0e88e3d27a4885d3dffb13f3b30d05b,3240,2,BB,800,320,fold,0
20180323151627,19,1,Deal,ab2716a7e6448e0707e533a7e7255ea7,2760,0,1,800,320,call,320
20180323151627,19,2,Deal,a980d10665f268b0ec6c13ebea43034f,2320,1,D,800,0,fold,0
20180323151627,19,3,Deal,e0e88e3d27a4885d3dffb13f3b30d05b,3080,2,SB,800,160,fold,0
20180323151627,19,4,Deal,4fb82145dc3003a76c5b44a7704422d3,40,2,BB,800,320,call,0
20180323151627,19,5,Flop,4fb82145dc3003a76c5b44a7704422d3,0,2,BB,840,40,allin,40
20180323151627,19,6,Flop,ab2716a7e6448e0707e533a7e7255ea7,2720,0,1,880,40,call,40
20180323151627,20,1,Deal,e0e88e3d27a4885d3dffb13f3b30d05b,3080,2,1,960,0,fold,0
20180323151627,20,2,Deal,ab2716a7e6448e0707e533a7e7255ea7,2960,0,SB,1280,640,call,320
20180323151627,20,3,Deal,a980d10665f268b0ec6c13ebea43034f,1040,1,BB,1920,1280,bet,640
20180323151627,20,4,Deal,ab2716a7e6448e0707e533a7e7255ea7,2320,0,SB,2560,1280,call,640
20180323151627,20,5,Flop,ab2716a7e6448e0707e533a7e7255ea7,1680,0,SB,3200,640,bet,640
20180323151627,20,6,Flop,a980d10665f268b0ec6c13ebea43034f,0,1,BB,4240,1040,allin,1040
20180323151627,20,7,Flop,ab2716a7e6448e0707e533a7e7255ea7,240,0,SB,5680,2080,raise,1440
20180323151627,21,1,Deal,ab2716a7e6448e0707e533a7e7255ea7,5920,0,D,960,0,fold,0
20180323151627,21,2,Deal,a980d10665f268b0ec6c13ebea43034f,40,2,SB,1600,960,bet,640
20180323151627,21,3,Deal,e0e88e3d27a4885d3dffb13f3b30d05b,2440,2,BB,1600,640,fold,0
20180323151627,22,1,Deal,a980d10665f268b0ec6c13ebea43034f,1640,2,D,960,0,fold,0
20180323151627,22,2,Deal,e0e88e3d27a4885d3dffb13f3b30d05b,2120,2,SB,960,320,fold,0
20180323151627,22,3,Deal,ab2716a7e6448e0707e533a7e7255ea7,5280,0,BB,960,640,call,0
20180323151627,23,1,Deal,e0e88e3d27a4885d3dffb13f3b30d05b,840,2,1,3200,1280,call,1280
20180323151627,23,2,Deal,ab2716a7e6448e0707e533a7e7255ea7,4960,0,SB,3840,1280,call,640
20180323151627,23,3,Deal,a980d10665f268b0ec6c13ebea43034f,0,2,BB,4200,1640,allin,360
20180323151627,23,4,Deal,e0e88e3d27a4885d3dffb13f3b30d05b,480,2,1,4560,1640,call,360
20180323151627,23,5,Deal,ab2716a7e6448e0707e533a7e7255ea7,4600,0,SB,4920,1640,call,360
20180323151627,23,6,Flop,ab2716a7e6448e0707e533a7e7255ea7,3320,0,SB,6200,1280,bet,1280
20180323151627,23,7,Flop,e0e88e3d27a4885d3dffb13f3b30d05b,0,2,1,6680,480,allin,480
