﻿game_id,round_id,turn_id,roundName,playerName,chips,reloadCount,position,pot,bet,action,amount
20180323145830,1,1,Deal,e0e88e3d27a4885d3dffb13f3b30d05b,1000,0,1,30,0,fold,0
20180323145830,1,2,Deal,4fb82145dc3003a76c5b44a7704422d3,1000,0,D,30,0,fold,0
20180323145830,1,3,Deal,ab2716a7e6448e0707e533a7e7255ea7,980,0,SB,40,20,call,10
20180323145830,1,4,Deal,a980d10665f268b0ec6c13ebea43034f,960,0,BB,60,40,raise,20
20180323145830,1,5,Deal,ab2716a7e6448e0707e533a7e7255ea7,960,0,SB,80,40,call,20
20180323145830,1,6,Flop,ab2716a7e6448e0707e533a7e7255ea7,940,0,SB,100,20,bet,20
20180323145830,1,7,Flop,a980d10665f268b0ec6c13ebea43034f,940,0,BB,120,20,call,20
20180323145830,1,8,Turn,ab2716a7e6448e0707e533a7e7255ea7,920,0,SB,140,20,bet,20
20180323145830,1,9,Turn,a980d10665f268b0ec6c13ebea43034f,900,0,BB,180,40,raise,40
20180323145830,1,10,Turn,ab2716a7e6448e0707e533a7e7255ea7,900,0,SB,200,40,call,20
20180323145830,1,11,River,ab2716a7e6448e0707e533a7e7255ea7,880,0,SB,220,20,bet,20
20180323145830,1,12,River,a980d10665f268b0ec6c13ebea43034f,880,0,BB,240,20,call,20
20180323145830,2,1,Deal,4fb82145dc3003a76c5b44a7704422d3,1000,0,1,30,0,fold,0
20180323145830,2,2,Deal,ab2716a7e6448e0707e533a7e7255ea7,880,0,D,30,0,fold,0
20180323145830,2,3,Deal,a980d10665f268b0ec6c13ebea43034f,1080,0,SB,60,40,raise,30
20180323145830,2,4,Deal,e0e88e3d27a4885d3dffb13f3b30d05b,1980,1,BB,60,20,fold,0
20180323145830,3,1,Deal,ab2716a7e6448e0707e533a7e7255ea7,860,0,1,50,20,call,20
20180323145830,3,2,Deal,a980d10665f268b0ec6c13ebea43034f,1140,0,D,50,0,fold,0
20180323145830,3,3,Deal,e0e88e3d27a4885d3dffb13f3b30d05b,2970,2,SB,50,10,fold,0
20180323145830,3,4,Deal,4fb82145dc3003a76c5b44a7704422d3,980,0,BB,50,20,call,0
20180323145830,3,5,Flop,4fb82145dc3003a76c5b44a7704422d3,950,0,BB,80,30,bet,30
20180323145830,3,6,Flop,ab2716a7e6448e0707e533a7e7255ea7,800,0,1,140,60,raise,60
20180323145830,3,7,Flop,4fb82145dc3003a76c5b44a7704422d3,920,0,BB,170,60,call,30
20180323145830,3,8,Turn,4fb82145dc3003a76c5b44a7704422d3,890,0,BB,200,30,bet,30
20180323145830,3,9,Turn,ab2716a7e6448e0707e533a7e7255ea7,740,0,1,260,60,raise,60
20180323145830,3,10,Turn,4fb82145dc3003a76c5b44a7704422d3,860,0,BB,290,60,call,30
20180323145830,3,11,River,4fb82145dc3003a76c5b44a7704422d3,830,0,BB,320,30,bet,30
20180323145830,3,12,River,ab2716a7e6448e0707e533a7e7255ea7,680,0,1,380,60,raise,60
20180323145830,3,13,River,4fb82145dc3003a76c5b44a7704422d3,800,0,BB,410,60,call,30
20180323145830,4,1,Deal,a980d10665f268b0ec6c13ebea43034f,1140,0,1,30,0,fold,0
20180323145830,4,2,Deal,e0e88e3d27a4885d3dffb13f3b30d05b,2970,2,D,30,0,fold,0
20180323145830,4,3,Deal,4fb82145dc3003a76c5b44a7704422d3,1200,0,SB,30,10,fold,0
20180323145830,4,4,Deal,ab2716a7e6448e0707e533a7e7255ea7,660,0,BB,30,20,call,0
20180323145830,5,1,Deal,e0e88e3d27a4885d3dffb13f3b30d05b,2970,2,1,60,0,fold,0
20180323145830,5,2,Deal,4fb82145dc3003a76c5b44a7704422d3,1160,0,D,100,40,call,40
20180323145830,5,3,Deal,ab2716a7e6448e0707e533a7e7255ea7,650,0,SB,120,40,call,20
20180323145830,5,4,Deal,a980d10665f268b0ec6c13ebea43034f,1060,0,BB,160,80,bet,40
20180323145830,5,5,Deal,4fb82145dc3003a76c5b44a7704422d3,1120,0,D,200,80,call,40
20180323145830,5,6,Deal,ab2716a7e6448e0707e533a7e7255ea7,610,0,SB,240,80,call,40
20180323145830,5,7,Flop,ab2716a7e6448e0707e533a7e7255ea7,610,0,SB,240,0,fold,0
20180323145830,5,8,Flop,a980d10665f268b0ec6c13ebea43034f,1020,0,BB,280,40,bet,40
20180323145830,5,9,Flop,4fb82145dc3003a76c5b44a7704422d3,1120,0,D,280,0,fold,0
20180323145830,6,1,Deal,4fb82145dc3003a76c5b44a7704422d3,1120,0,1,60,0,fold,0
20180323145830,6,2,Deal,ab2716a7e6448e0707e533a7e7255ea7,610,0,D,60,0,fold,0
20180323145830,6,3,Deal,a980d10665f268b0ec6c13ebea43034f,1240,0,SB,100,60,bet,40
20180323145830,6,4,Deal,e0e88e3d27a4885d3dffb13f3b30d05b,2930,2,BB,100,40,fold,0
20180323145830,7,1,Deal,ab2716a7e6448e0707e533a7e7255ea7,610,0,1,60,0,fold,0
20180323145830,7,2,Deal,a980d10665f268b0ec6c13ebea43034f,1300,0,D,100,40,call,40
20180323145830,7,3,Deal,e0e88e3d27a4885d3dffb13f3b30d05b,2910,2,SB,100,20,fold,0
20180323145830,7,4,Deal,4fb82145dc3003a76c5b44a7704422d3,1080,0,BB,100,40,call,0
20180323145830,7,5,Flop,4fb82145dc3003a76c5b44a7704422d3,1080,0,BB,100,0,fold,0
20180323145830,7,6,Flop,a980d10665f268b0ec6c13ebea43034f,1300,0,D,100,0,call,0
20180323145830,8,1,Deal,a980d10665f268b0ec6c13ebea43034f,1400,0,1,60,0,fold,0
20180323145830,8,2,Deal,e0e88e3d27a4885d3dffb13f3b30d05b,2910,2,D,60,0,fold,0
20180323145830,8,3,Deal,4fb82145dc3003a76c5b44a7704422d3,1040,0,SB,80,40,call,20
20180323145830,8,4,Deal,ab2716a7e6448e0707e533a7e7255ea7,570,0,BB,80,40,call,0
20180323145830,8,5,Flop,4fb82145dc3003a76c5b44a7704422d3,990,0,SB,130,50,bet,50
20180323145830,8,6,Flop,ab2716a7e6448e0707e533a7e7255ea7,570,0,BB,130,0,fold,0
20180323145830,9,1,Deal,e0e88e3d27a4885d3dffb13f3b30d05b,2830,2,1,200,80,call,80
20180323145830,9,2,Deal,4fb82145dc3003a76c5b44a7704422d3,1040,0,D,280,80,call,80
20180323145830,9,3,Deal,ab2716a7e6448e0707e533a7e7255ea7,490,0,SB,320,80,call,40
20180323145830,9,4,Deal,a980d10665f268b0ec6c13ebea43034f,1240,0,BB,400,160,bet,80
20180323145830,9,5,Deal,e0e88e3d27a4885d3dffb13f3b30d05b,2750,2,1,480,160,call,80
20180323145830,9,6,Deal,4fb82145dc3003a76c5b44a7704422d3,960,0,D,560,160,call,80
20180323145830,9,7,Deal,ab2716a7e6448e0707e533a7e7255ea7,410,0,SB,640,160,call,80
20180323145830,9,8,Flop,ab2716a7e6448e0707e533a7e7255ea7,410,0,SB,640,0,fold,0
20180323145830,9,9,Flop,a980d10665f268b0ec6c13ebea43034f,1160,0,BB,720,80,bet,80
20180323145830,9,10,Flop,e0e88e3d27a4885d3dffb13f3b30d05b,2590,2,1,880,160,raise,160
20180323145830,9,11,Flop,4fb82145dc3003a76c5b44a7704422d3,960,0,D,880,0,fold,0
20180323145830,9,12,Flop,a980d10665f268b0ec6c13ebea43034f,1080,0,BB,960,160,call,80
20180323145830,9,13,Turn,a980d10665f268b0ec6c13ebea43034f,1000,0,BB,1040,80,bet,80
20180323145830,9,14,Turn,e0e88e3d27a4885d3dffb13f3b30d05b,2430,2,1,1200,160,raise,160
20180323145830,9,15,Turn,a980d10665f268b0ec6c13ebea43034f,760,0,BB,1440,320,raise,240
20180323145830,9,16,Turn,e0e88e3d27a4885d3dffb13f3b30d05b,1950,2,1,1920,640,raise,480
20180323145830,9,17,Turn,a980d10665f268b0ec6c13ebea43034f,440,0,BB,2240,640,call,320
20180323145830,9,18,River,a980d10665f268b0ec6c13ebea43034f,360,0,BB,2320,80,bet,80
20180323145830,9,19,River,e0e88e3d27a4885d3dffb13f3b30d05b,1658,2,1,2612,292,bet,292
20180323145830,9,20,River,a980d10665f268b0ec6c13ebea43034f,148,0,BB,2824,292,call,212
20180323145830,10,1,Deal,4fb82145dc3003a76c5b44a7704422d3,960,0,1,120,0,fold,0
20180323145830,10,2,Deal,ab2716a7e6448e0707e533a7e7255ea7,410,0,D,120,0,fold,0
20180323145830,10,3,Deal,a980d10665f268b0ec6c13ebea43034f,2852,0,SB,200,120,bet,80
20180323145830,10,4,Deal,e0e88e3d27a4885d3dffb13f3b30d05b,1578,2,BB,200,80,fold,0
20180323145830,11,1,Deal,ab2716a7e6448e0707e533a7e7255ea7,330,0,1,200,80,call,80
20180323145830,11,2,Deal,a980d10665f268b0ec6c13ebea43034f,3052,0,D,200,0,fold,0
20180323145830,11,3,Deal,e0e88e3d27a4885d3dffb13f3b30d05b,1538,2,SB,200,40,fold,0
20180323145830,11,4,Deal,4fb82145dc3003a76c5b44a7704422d3,880,0,BB,200,80,call,0
20180323145830,11,5,Flop,4fb82145dc3003a76c5b44a7704422d3,790,0,BB,290,90,bet,90
20180323145830,11,6,Flop,ab2716a7e6448e0707e533a7e7255ea7,330,0,1,290,0,fold,0
20180323145830,12,1,Deal,a980d10665f268b0ec6c13ebea43034f,3052,0,1,120,0,fold,0
20180323145830,12,2,Deal,e0e88e3d27a4885d3dffb13f3b30d05b,1538,2,D,120,0,fold,0
20180323145830,12,3,Deal,4fb82145dc3003a76c5b44a7704422d3,1000,0,SB,160,80,call,40
20180323145830,12,4,Deal,ab2716a7e6448e0707e533a7e7255ea7,250,0,BB,160,80,call,0
20180323145830,12,5,Flop,4fb82145dc3003a76c5b44a7704422d3,910,0,SB,250,90,bet,90
20180323145830,12,6,Flop,ab2716a7e6448e0707e533a7e7255ea7,250,0,BB,250,0,fold,0
20180323145830,13,1,Deal,e0e88e3d27a4885d3dffb13f3b30d05b,1538,2,1,240,0,fold,0
20180323145830,13,2,Deal,4fb82145dc3003a76c5b44a7704422d3,1000,0,D,400,160,call,160
20180323145830,13,3,Deal,ab2716a7e6448e0707e533a7e7255ea7,90,0,SB,480,160,call,80
20180323145830,13,4,Deal,a980d10665f268b0ec6c13ebea43034f,2732,0,BB,640,320,bet,160
20180323145830,13,5,Deal,4fb82145dc3003a76c5b44a7704422d3,840,0,D,800,320,call,160
20180323145830,13,6,Deal,ab2716a7e6448e0707e533a7e7255ea7,0,0,SB,890,250,allin,90
20180323145830,13,7,Flop,a980d10665f268b0ec6c13ebea43034f,2732,0,BB,890,0,fold,0
20180323145830,13,8,Flop,4fb82145dc3003a76c5b44a7704422d3,840,0,D,890,0,call,0
20180323145830,14,1,Deal,4fb82145dc3003a76c5b44a7704422d3,820,0,1,400,160,call,160
20180323145830,14,2,Deal,ab2716a7e6448e0707e533a7e7255ea7,750,0,D,400,0,fold,0
20180323145830,14,3,Deal,a980d10665f268b0ec6c13ebea43034f,2492,0,SB,560,240,bet,160
20180323145830,14,4,Deal,e0e88e3d27a4885d3dffb13f3b30d05b,1298,2,BB,640,240,call,80
20180323145830,14,5,Deal,4fb82145dc3003a76c5b44a7704422d3,740,0,1,720,240,call,80
20180323145830,14,6,Flop,a980d10665f268b0ec6c13ebea43034f,2492,0,SB,720,0,fold,0
20180323145830,14,7,Flop,e0e88e3d27a4885d3dffb13f3b30d05b,1138,2,BB,880,160,bet,160
20180323145830,14,8,Flop,4fb82145dc3003a76c5b44a7704422d3,580,0,1,1040,160,call,160
20180323145830,14,9,Turn,e0e88e3d27a4885d3dffb13f3b30d05b,978,2,BB,1200,160,bet,160
20180323145830,14,10,Turn,4fb82145dc3003a76c5b44a7704422d3,420,0,1,1360,160,call,160
20180323145830,14,11,River,e0e88e3d27a4885d3dffb13f3b30d05b,818,2,BB,1520,160,bet,160
20180323145830,14,12,River,4fb82145dc3003a76c5b44a7704422d3,260,0,1,1680,160,call,160
20180323145830,15,1,Deal,ab2716a7e6448e0707e533a7e7255ea7,430,0,1,560,320,raise,320
20180323145830,15,2,Deal,a980d10665f268b0ec6c13ebea43034f,2492,0,D,560,0,fold,0
20180323145830,15,3,Deal,e0e88e3d27a4885d3dffb13f3b30d05b,738,2,SB,560,80,fold,0
20180323145830,15,4,Deal,4fb82145dc3003a76c5b44a7704422d3,1620,0,BB,720,320,call,160
20180323145830,15,5,Flop,4fb82145dc3003a76c5b44a7704422d3,1620,0,BB,720,0,fold,0
20180323145830,15,6,Flop,ab2716a7e6448e0707e533a7e7255ea7,430,0,1,720,0,call,0
20180323145830,16,1,Deal,a980d10665f268b0ec6c13ebea43034f,2492,0,1,240,0,fold,0
20180323145830,16,2,Deal,e0e88e3d27a4885d3dffb13f3b30d05b,738,2,D,240,0,fold,0
20180323145830,16,3,Deal,4fb82145dc3003a76c5b44a7704422d3,1460,0,SB,320,160,call,80
20180323145830,16,4,Deal,ab2716a7e6448e0707e533a7e7255ea7,990,0,BB,320,160,call,0
20180323145830,16,5,Flop,4fb82145dc3003a76c5b44a7704422d3,1290,0,SB,490,170,bet,170
20180323145830,16,6,Flop,ab2716a7e6448e0707e533a7e7255ea7,990,0,BB,490,0,fold,0
20180323145830,17,1,Deal,e0e88e3d27a4885d3dffb13f3b30d05b,738,2,1,480,0,fold,0
20180323145830,17,2,Deal,4fb82145dc3003a76c5b44a7704422d3,1780,0,D,480,0,fold,0
20180323145830,17,3,Deal,ab2716a7e6448e0707e533a7e7255ea7,670,0,SB,640,320,call,160
20180323145830,17,4,Deal,a980d10665f268b0ec6c13ebea43034f,1852,0,BB,960,640,raise,320
20180323145830,17,5,Deal,ab2716a7e6448e0707e533a7e7255ea7,350,0,SB,1280,640,call,320
20180323145830,17,6,Flop,ab2716a7e6448e0707e533a7e7255ea7,30,0,SB,1600,320,bet,320
20180323145830,17,7,Flop,a980d10665f268b0ec6c13ebea43034f,1212,0,BB,2240,640,raise,640
20180323145830,17,8,Flop,ab2716a7e6448e0707e533a7e7255ea7,0,0,SB,2270,350,allin,30
20180323145830,18,1,Deal,4fb82145dc3003a76c5b44a7704422d3,1460,0,1,800,320,call,320
20180323145830,18,2,Deal,ab2716a7e6448e0707e533a7e7255ea7,1980,0,D,800,0,fold,0
20180323145830,18,3,Deal,a980d10665f268b0ec6c13ebea43034f,862,0,SB,1280,640,raise,480
20180323145830,18,4,Deal,e0e88e3d27a4885d3dffb13f3b30d05b,418,2,BB,1280,320,fold,0
20180323145830,18,5,Deal,4fb82145dc3003a76c5b44a7704422d3,1140,0,1,1600,640,call,320
20180323145830,18,6,Flop,a980d10665f268b0ec6c13ebea43034f,862,0,SB,1600,0,fold,0
20180323145830,18,7,Flop,4fb82145dc3003a76c5b44a7704422d3,1140,0,1,1600,0,call,0
20180323145830,19,1,Deal,ab2716a7e6448e0707e533a7e7255ea7,1980,0,1,480,0,fold,0
20180323145830,19,2,Deal,a980d10665f268b0ec6c13ebea43034f,222,0,D,1120,640,raise,640
20180323145830,19,3,Deal,e0e88e3d27a4885d3dffb13f3b30d05b,258,2,SB,1120,160,fold,0
20180323145830,19,4,Deal,4fb82145dc3003a76c5b44a7704422d3,2100,0,BB,1440,640,call,320
20180323145830,19,5,Flop,4fb82145dc3003a76c5b44a7704422d3,2100,0,BB,1440,0,fold,0
20180323145830,19,6,Flop,a980d10665f268b0ec6c13ebea43034f,222,0,D,1440,0,call,0
20180323145830,20,1,Deal,a980d10665f268b0ec6c13ebea43034f,1342,0,1,800,320,call,320
20180323145830,20,2,Deal,e0e88e3d27a4885d3dffb13f3b30d05b,0,2,D,1058,258,allin,258
20180323145830,20,3,Deal,4fb82145dc3003a76c5b44a7704422d3,1780,0,SB,1218,320,call,160
20180323145830,20,4,Deal,ab2716a7e6448e0707e533a7e7255ea7,1660,0,BB,1218,320,call,0
20180323145830,20,5,Flop,4fb82145dc3003a76c5b44a7704422d3,1450,0,SB,1548,330,bet,330
20180323145830,20,6,Flop,ab2716a7e6448e0707e533a7e7255ea7,1660,0,BB,1548,0,fold,0
20180323145830,20,7,Flop,a980d10665f268b0ec6c13ebea43034f,682,0,1,2208,660,raise,660
20180323145830,20,8,Flop,4fb82145dc3003a76c5b44a7704422d3,460,0,SB,3198,1320,raise,990
20180323145830,20,9,Flop,a980d10665f268b0ec6c13ebea43034f,0,0,1,3880,1342,allin,682
20180323145830,20,10,Flop,4fb82145dc3003a76c5b44a7704422d3,438,0,SB,3902,1342,call,22
20180323145830,21,1,Deal,4fb82145dc3003a76c5b44a7704422d3,438,0,D,960,0,fold,0
20180323145830,21,2,Deal,ab2716a7e6448e0707e533a7e7255ea7,1020,0,SB,1280,640,call,320
20180323145830,21,3,Deal,a980d10665f268b0ec6c13ebea43034f,2622,0,BB,1920,1280,bet,640
20180323145830,21,4,Deal,ab2716a7e6448e0707e533a7e7255ea7,380,0,SB,2560,1280,call,640
20180323145830,21,5,Flop,ab2716a7e6448e0707e533a7e7255ea7,380,0,SB,2560,0,fold,0
20180323145830,21,6,Flop,a980d10665f268b0ec6c13ebea43034f,2622,0,BB,2560,0,call,0
20180323145830,22,1,Deal,ab2716a7e6448e0707e533a7e7255ea7,0,0,D,1138,380,allin,380
20180323145830,22,2,Deal,a980d10665f268b0ec6c13ebea43034f,4222,0,SB,1778,960,bet,640
20180323145830,23,1,Deal,a980d10665f268b0ec6c13ebea43034f,3580,0,1,2240,1280,raise,1280
20180323145830,23,2,Deal,4fb82145dc3003a76c5b44a7704422d3,0,1,SB,2920,1000,allin,680
20180323145830,23,3,Deal,ab2716a7e6448e0707e533a7e7255ea7,0,0,BB,3420,1140,allin,500
20180323145830,24,1,Deal,4fb82145dc3003a76c5b44a7704422d3,0,2,D,2920,1000,allin,1000
20180323145830,24,2,Deal,ab2716a7e6448e0707e533a7e7255ea7,0,1,SB,3280,1000,allin,360
20180323145830,24,3,Deal,a980d10665f268b0ec6c13ebea43034f,5720,0,BB,3280,1280,call,0
20180323145830,25,1,Deal,ab2716a7e6448e0707e533a7e7255ea7,1000,2,D,1920,0,fold,0
20180323145830,25,2,Deal,a980d10665f268b0ec6c13ebea43034f,4080,0,SB,3200,1920,bet,1280
20180323145830,25,3,Deal,4fb82145dc3003a76c5b44a7704422d3,1080,2,BB,3840,1920,call,640
20180323145830,25,4,Flop,a980d10665f268b0ec6c13ebea43034f,4080,0,SB,3840,0,fold,0
20180323145830,25,5,Flop,4fb82145dc3003a76c5b44a7704422d3,1080,2,BB,3840,0,call,0
20180323145830,26,1,Deal,a980d10665f268b0ec6c13ebea43034f,2080,0,1,3640,2000,raise,2000
20180323145830,26,2,Deal,4fb82145dc3003a76c5b44a7704422d3,2920,2,SB,5000,2000,call,1360
20180323145830,26,3,Flop,4fb82145dc3003a76c5b44a7704422d3,1630,2,SB,6290,1290,bet,1290
20180323145830,26,4,Flop,a980d10665f268b0ec6c13ebea43034f,790,0,1,7580,1290,call,1290
20180323145830,26,5,Turn,4fb82145dc3003a76c5b44a7704422d3,340,2,SB,8870,1290,bet,1290
20180323145830,26,6,Turn,a980d10665f268b0ec6c13ebea43034f,0,0,1,9660,790,allin,790
