﻿game_id,round_id,turn_id,roundName,playerName,chips,reloadCount,position,pot,bet,action,amount
20180323142040,1,1,Deal,ab2716a7e6448e0707e533a7e7255ea7,980,0,1,50,20,call,20
20180323142040,1,2,Deal,a980d10665f268b0ec6c13ebea43034f,1000,0,D,50,0,fold,0
20180323142040,1,3,Deal,e0e88e3d27a4885d3dffb13f3b30d05b,980,0,SB,60,20,call,10
20180323142040,1,4,Deal,4fb82145dc3003a76c5b44a7704422d3,980,0,BB,60,20,call,0
20180323142040,1,5,Flop,e0e88e3d27a4885d3dffb13f3b30d05b,960,0,SB,80,20,bet,20
20180323142040,1,6,Flop,4fb82145dc3003a76c5b44a7704422d3,960,0,BB,100,20,call,20
20180323142040,1,7,Flop,ab2716a7e6448e0707e533a7e7255ea7,960,0,1,120,20,call,20
20180323142040,1,8,Turn,e0e88e3d27a4885d3dffb13f3b30d05b,904,0,SB,176,56,bet,56
20180323142040,1,9,Turn,4fb82145dc3003a76c5b44a7704422d3,904,0,BB,232,56,call,56
20180323142040,1,10,Turn,ab2716a7e6448e0707e533a7e7255ea7,960,0,1,232,0,fold,0
20180323142040,1,11,River,e0e88e3d27a4885d3dffb13f3b30d05b,772,0,SB,364,132,bet,132
20180323142040,1,12,River,4fb82145dc3003a76c5b44a7704422d3,772,0,BB,496,132,call,132
20180323142040,2,1,Deal,a980d10665f268b0ec6c13ebea43034f,1000,0,1,30,0,fold,0
20180323142040,2,2,Deal,e0e88e3d27a4885d3dffb13f3b30d05b,2248,1,D,50,20,call,20
20180323142040,2,3,Deal,4fb82145dc3003a76c5b44a7704422d3,752,0,SB,60,20,call,10
20180323142040,2,4,Deal,ab2716a7e6448e0707e533a7e7255ea7,940,0,BB,60,20,call,0
20180323142040,2,5,Flop,4fb82145dc3003a76c5b44a7704422d3,752,0,SB,60,0,fold,0
20180323142040,2,6,Flop,ab2716a7e6448e0707e533a7e7255ea7,940,0,BB,60,0,fold,0
20180323142040,2,7,Flop,e0e88e3d27a4885d3dffb13f3b30d05b,2248,1,D,60,0,call,0
20180323142040,3,1,Deal,e0e88e3d27a4885d3dffb13f3b30d05b,3308,2,1,30,0,fold,0
20180323142040,3,2,Deal,4fb82145dc3003a76c5b44a7704422d3,752,0,D,30,0,fold,0
20180323142040,3,3,Deal,ab2716a7e6448e0707e533a7e7255ea7,920,0,SB,40,20,call,10
20180323142040,3,4,Deal,a980d10665f268b0ec6c13ebea43034f,960,0,BB,60,40,bet,20
20180323142040,3,5,Deal,ab2716a7e6448e0707e533a7e7255ea7,900,0,SB,80,40,call,20
20180323142040,3,6,Flop,ab2716a7e6448e0707e533a7e7255ea7,880,0,SB,100,20,bet,20
20180323142040,3,7,Flop,a980d10665f268b0ec6c13ebea43034f,960,0,BB,100,0,fold,0
20180323142040,4,1,Deal,4fb82145dc3003a76c5b44a7704422d3,752,0,1,30,0,fold,0
20180323142040,4,2,Deal,ab2716a7e6448e0707e533a7e7255ea7,980,0,D,30,0,fold,0
20180323142040,4,3,Deal,a980d10665f268b0ec6c13ebea43034f,930,0,SB,50,30,bet,20
20180323142040,4,4,Deal,e0e88e3d27a4885d3dffb13f3b30d05b,3278,2,BB,60,30,call,10
20180323142040,4,5,Flop,a980d10665f268b0ec6c13ebea43034f,910,0,SB,80,20,bet,20
20180323142040,4,6,Flop,e0e88e3d27a4885d3dffb13f3b30d05b,3278,2,BB,80,0,fold,0
20180323142040,5,1,Deal,ab2716a7e6448e0707e533a7e7255ea7,940,0,1,100,40,call,40
20180323142040,5,2,Deal,a980d10665f268b0ec6c13ebea43034f,950,0,D,140,40,call,40
20180323142040,5,3,Deal,e0e88e3d27a4885d3dffb13f3b30d05b,3258,2,SB,140,20,fold,0
20180323142040,5,4,Deal,4fb82145dc3003a76c5b44a7704422d3,712,0,BB,140,40,call,0
20180323142040,5,5,Flop,4fb82145dc3003a76c5b44a7704422d3,712,0,BB,140,0,fold,0
20180323142040,5,6,Flop,ab2716a7e6448e0707e533a7e7255ea7,900,0,1,180,40,bet,40
20180323142040,5,7,Flop,a980d10665f268b0ec6c13ebea43034f,910,0,D,220,40,call,40
20180323142040,5,8,Turn,ab2716a7e6448e0707e533a7e7255ea7,860,0,1,260,40,bet,40
20180323142040,5,9,Turn,a980d10665f268b0ec6c13ebea43034f,870,0,D,300,40,call,40
20180323142040,5,10,River,ab2716a7e6448e0707e533a7e7255ea7,820,0,1,340,40,bet,40
20180323142040,5,11,River,a980d10665f268b0ec6c13ebea43034f,830,0,D,380,40,call,40
20180323142040,6,1,Deal,a980d10665f268b0ec6c13ebea43034f,830,0,1,60,0,fold,0
20180323142040,6,2,Deal,e0e88e3d27a4885d3dffb13f3b30d05b,3218,2,D,100,40,call,40
20180323142040,6,3,Deal,4fb82145dc3003a76c5b44a7704422d3,672,0,SB,120,40,call,20
20180323142040,6,4,Deal,ab2716a7e6448e0707e533a7e7255ea7,1160,0,BB,120,40,call,0
20180323142040,6,5,Flop,4fb82145dc3003a76c5b44a7704422d3,672,0,SB,120,0,fold,0
20180323142040,6,6,Flop,ab2716a7e6448e0707e533a7e7255ea7,1120,0,BB,160,40,bet,40
20180323142040,6,7,Flop,e0e88e3d27a4885d3dffb13f3b30d05b,3138,2,D,240,80,raise,80
20180323142040,6,8,Flop,ab2716a7e6448e0707e533a7e7255ea7,1000,0,BB,360,160,raise,120
20180323142040,6,9,Flop,e0e88e3d27a4885d3dffb13f3b30d05b,2898,2,D,600,320,raise,240
20180323142040,6,10,Flop,ab2716a7e6448e0707e533a7e7255ea7,520,0,BB,1080,640,raise,480
20180323142040,6,11,Flop,e0e88e3d27a4885d3dffb13f3b30d05b,2578,2,D,1400,640,call,320
20180323142040,6,12,Turn,ab2716a7e6448e0707e533a7e7255ea7,480,0,BB,1440,40,bet,40
20180323142040,6,13,Turn,e0e88e3d27a4885d3dffb13f3b30d05b,2049,2,D,1969,529,bet,529
20180323142040,6,14,Turn,ab2716a7e6448e0707e533a7e7255ea7,0,0,BB,2449,520,allin,480
20180323142040,7,1,Deal,e0e88e3d27a4885d3dffb13f3b30d05b,2018,2,1,100,40,call,40
20180323142040,7,2,Deal,4fb82145dc3003a76c5b44a7704422d3,672,0,D,100,0,fold,0
20180323142040,7,3,Deal,ab2716a7e6448e0707e533a7e7255ea7,2400,0,SB,120,40,call,20
20180323142040,7,4,Deal,a980d10665f268b0ec6c13ebea43034f,750,0,BB,160,80,bet,40
20180323142040,7,5,Deal,e0e88e3d27a4885d3dffb13f3b30d05b,1978,2,1,200,80,call,40
20180323142040,7,6,Deal,ab2716a7e6448e0707e533a7e7255ea7,2360,0,SB,240,80,call,40
20180323142040,7,7,Flop,ab2716a7e6448e0707e533a7e7255ea7,2320,0,SB,280,40,bet,40
20180323142040,7,8,Flop,a980d10665f268b0ec6c13ebea43034f,710,0,BB,320,40,call,40
20180323142040,7,9,Flop,e0e88e3d27a4885d3dffb13f3b30d05b,1898,2,1,400,80,raise,80
20180323142040,7,10,Flop,ab2716a7e6448e0707e533a7e7255ea7,2280,0,SB,440,80,call,40
20180323142040,7,11,Flop,a980d10665f268b0ec6c13ebea43034f,590,0,BB,560,160,raise,120
20180323142040,7,12,Flop,e0e88e3d27a4885d3dffb13f3b30d05b,1658,2,1,800,320,raise,240
20180323142040,7,13,Flop,ab2716a7e6448e0707e533a7e7255ea7,2040,0,SB,1040,320,call,240
20180323142040,7,14,Flop,a980d10665f268b0ec6c13ebea43034f,110,0,BB,1520,640,raise,480
20180323142040,7,15,Flop,e0e88e3d27a4885d3dffb13f3b30d05b,1338,2,1,1840,640,call,320
20180323142040,7,16,Flop,ab2716a7e6448e0707e533a7e7255ea7,1720,0,SB,2160,640,call,320
20180323142040,7,17,Turn,ab2716a7e6448e0707e533a7e7255ea7,1720,0,SB,2160,0,fold,0
20180323142040,7,18,Turn,a980d10665f268b0ec6c13ebea43034f,70,0,BB,2200,40,bet,40
20180323142040,7,19,Turn,e0e88e3d27a4885d3dffb13f3b30d05b,0,2,1,3538,1338,allin,1338
20180323142040,7,20,Turn,a980d10665f268b0ec6c13ebea43034f,0,0,BB,3608,110,allin,70
20180323142040,8,1,Deal,4fb82145dc3003a76c5b44a7704422d3,672,0,1,60,0,fold,0
20180323142040,8,2,Deal,ab2716a7e6448e0707e533a7e7255ea7,1720,0,D,60,0,fold,0
20180323142040,8,3,Deal,a980d10665f268b0ec6c13ebea43034f,2320,0,SB,100,60,bet,40
20180323142040,8,4,Deal,e0e88e3d27a4885d3dffb13f3b30d05b,1188,2,BB,100,40,fold,0
20180323142040,9,1,Deal,ab2716a7e6448e0707e533a7e7255ea7,1640,0,1,200,80,call,80
20180323142040,9,2,Deal,a980d10665f268b0ec6c13ebea43034f,2420,0,D,200,0,fold,0
20180323142040,9,3,Deal,e0e88e3d27a4885d3dffb13f3b30d05b,1148,2,SB,200,40,fold,0
20180323142040,9,4,Deal,4fb82145dc3003a76c5b44a7704422d3,592,0,BB,200,80,call,0
20180323142040,9,5,Flop,4fb82145dc3003a76c5b44a7704422d3,502,0,BB,290,90,bet,90
20180323142040,9,6,Flop,ab2716a7e6448e0707e533a7e7255ea7,1550,0,1,380,90,call,90
20180323142040,9,7,Turn,4fb82145dc3003a76c5b44a7704422d3,412,0,BB,470,90,bet,90
20180323142040,9,8,Turn,ab2716a7e6448e0707e533a7e7255ea7,1550,0,1,470,0,fold,0
20180323142040,10,1,Deal,a980d10665f268b0ec6c13ebea43034f,2340,0,1,200,80,call,80
20180323142040,10,2,Deal,e0e88e3d27a4885d3dffb13f3b30d05b,1148,2,D,200,0,fold,0
20180323142040,10,3,Deal,4fb82145dc3003a76c5b44a7704422d3,802,0,SB,240,80,call,40
20180323142040,10,4,Deal,ab2716a7e6448e0707e533a7e7255ea7,1470,0,BB,240,80,call,0
20180323142040,10,5,Flop,4fb82145dc3003a76c5b44a7704422d3,712,0,SB,330,90,bet,90
20180323142040,10,6,Flop,ab2716a7e6448e0707e533a7e7255ea7,1380,0,BB,420,90,call,90
20180323142040,10,7,Flop,a980d10665f268b0ec6c13ebea43034f,2250,0,1,510,90,call,90
20180323142040,10,8,Turn,4fb82145dc3003a76c5b44a7704422d3,622,0,SB,600,90,bet,90
20180323142040,10,9,Turn,ab2716a7e6448e0707e533a7e7255ea7,1380,0,BB,600,0,fold,0
20180323142040,10,10,Turn,a980d10665f268b0ec6c13ebea43034f,2250,0,1,600,0,fold,0
20180323142040,11,1,Deal,e0e88e3d27a4885d3dffb13f3b30d05b,1148,2,1,120,0,fold,0
20180323142040,11,2,Deal,4fb82145dc3003a76c5b44a7704422d3,1222,0,D,120,0,fold,0
20180323142040,11,3,Deal,ab2716a7e6448e0707e533a7e7255ea7,1300,0,SB,160,80,call,40
20180323142040,11,4,Deal,a980d10665f268b0ec6c13ebea43034f,2090,0,BB,240,160,bet,80
20180323142040,11,5,Deal,ab2716a7e6448e0707e533a7e7255ea7,1220,0,SB,320,160,call,80
20180323142040,11,6,Flop,ab2716a7e6448e0707e533a7e7255ea7,1220,0,SB,320,0,fold,0
20180323142040,11,7,Flop,a980d10665f268b0ec6c13ebea43034f,2090,0,BB,320,0,call,0
20180323142040,12,1,Deal,4fb82145dc3003a76c5b44a7704422d3,1222,0,1,120,0,fold,0
20180323142040,12,2,Deal,ab2716a7e6448e0707e533a7e7255ea7,1140,0,D,200,80,call,80
20180323142040,12,3,Deal,a980d10665f268b0ec6c13ebea43034f,2290,0,SB,280,120,bet,80
20180323142040,12,4,Deal,e0e88e3d27a4885d3dffb13f3b30d05b,1068,2,BB,280,80,fold,0
20180323142040,12,5,Deal,ab2716a7e6448e0707e533a7e7255ea7,1100,0,D,320,120,call,40
20180323142040,12,6,Flop,a980d10665f268b0ec6c13ebea43034f,2290,0,SB,320,0,fold,0
20180323142040,12,7,Flop,ab2716a7e6448e0707e533a7e7255ea7,1100,0,D,320,0,call,0
20180323142040,13,1,Deal,ab2716a7e6448e0707e533a7e7255ea7,1260,0,1,400,160,call,160
20180323142040,13,2,Deal,a980d10665f268b0ec6c13ebea43034f,2290,0,D,400,0,fold,0
20180323142040,13,3,Deal,e0e88e3d27a4885d3dffb13f3b30d05b,988,2,SB,400,80,fold,0
20180323142040,13,4,Deal,4fb82145dc3003a76c5b44a7704422d3,1062,0,BB,400,160,call,0
20180323142040,13,5,Flop,4fb82145dc3003a76c5b44a7704422d3,1062,0,BB,400,0,fold,0
20180323142040,13,6,Flop,ab2716a7e6448e0707e533a7e7255ea7,1260,0,1,400,0,call,0
20180323142040,14,1,Deal,a980d10665f268b0ec6c13ebea43034f,2290,0,1,240,0,fold,0
20180323142040,14,2,Deal,e0e88e3d27a4885d3dffb13f3b30d05b,988,2,D,240,0,fold,0
20180323142040,14,3,Deal,4fb82145dc3003a76c5b44a7704422d3,902,0,SB,320,160,call,80
20180323142040,14,4,Deal,ab2716a7e6448e0707e533a7e7255ea7,1500,0,BB,320,160,call,0
20180323142040,14,5,Flop,4fb82145dc3003a76c5b44a7704422d3,732,0,SB,490,170,bet,170
20180323142040,14,6,Flop,ab2716a7e6448e0707e533a7e7255ea7,1330,0,BB,660,170,call,170
20180323142040,14,7,Turn,4fb82145dc3003a76c5b44a7704422d3,562,0,SB,830,170,bet,170
20180323142040,14,8,Turn,ab2716a7e6448e0707e533a7e7255ea7,1160,0,BB,1000,170,call,170
20180323142040,14,9,River,4fb82145dc3003a76c5b44a7704422d3,392,0,SB,1170,170,bet,170
20180323142040,14,10,River,ab2716a7e6448e0707e533a7e7255ea7,820,0,BB,1510,340,raise,340
20180323142040,14,11,River,4fb82145dc3003a76c5b44a7704422d3,0,0,SB,1902,562,allin,392
20180323142040,14,12,River,ab2716a7e6448e0707e533a7e7255ea7,36,0,BB,2686,1124,raise,784
20180323142040,15,1,Deal,e0e88e3d27a4885d3dffb13f3b30d05b,988,2,1,240,0,fold,0
20180323142040,15,2,Deal,4fb82145dc3003a76c5b44a7704422d3,2124,0,D,240,0,fold,0
20180323142040,15,3,Deal,ab2716a7e6448e0707e533a7e7255ea7,438,0,SB,320,160,call,80
20180323142040,15,4,Deal,a980d10665f268b0ec6c13ebea43034f,1970,0,BB,480,320,bet,160
20180323142040,15,5,Deal,ab2716a7e6448e0707e533a7e7255ea7,278,0,SB,640,320,call,160
20180323142040,15,6,Flop,ab2716a7e6448e0707e533a7e7255ea7,278,0,SB,640,0,fold,0
20180323142040,15,7,Flop,a980d10665f268b0ec6c13ebea43034f,1970,0,BB,640,0,call,0
20180323142040,16,1,Deal,4fb82145dc3003a76c5b44a7704422d3,2124,0,1,240,0,fold,0
20180323142040,16,2,Deal,ab2716a7e6448e0707e533a7e7255ea7,278,0,D,240,0,fold,0
20180323142040,16,3,Deal,a980d10665f268b0ec6c13ebea43034f,2370,0,SB,400,240,bet,160
20180323142040,16,4,Deal,e0e88e3d27a4885d3dffb13f3b30d05b,828,2,BB,400,160,fold,0
20180323142040,17,1,Deal,ab2716a7e6448e0707e533a7e7255ea7,0,0,1,758,278,allin,278
20180323142040,17,2,Deal,a980d10665f268b0ec6c13ebea43034f,2450,0,D,1078,320,call,320
20180323142040,17,3,Deal,e0e88e3d27a4885d3dffb13f3b30d05b,668,2,SB,1078,160,fold,0
20180323142040,17,4,Deal,4fb82145dc3003a76c5b44a7704422d3,1804,0,BB,1078,320,call,0
20180323142040,17,5,Flop,4fb82145dc3003a76c5b44a7704422d3,1474,0,BB,1408,330,bet,330
20180323142040,17,6,Flop,a980d10665f268b0ec6c13ebea43034f,2450,0,D,1408,0,fold,0
20180323142040,18,1,Deal,a980d10665f268b0ec6c13ebea43034f,2450,0,1,480,0,fold,0
20180323142040,18,2,Deal,e0e88e3d27a4885d3dffb13f3b30d05b,348,2,D,800,320,call,320
20180323142040,18,3,Deal,4fb82145dc3003a76c5b44a7704422d3,1568,0,SB,960,320,call,160
20180323142040,18,4,Deal,ab2716a7e6448e0707e533a7e7255ea7,674,0,BB,960,320,call,0
20180323142040,18,5,Flop,4fb82145dc3003a76c5b44a7704422d3,1238,0,SB,1290,330,bet,330
20180323142040,18,6,Flop,ab2716a7e6448e0707e533a7e7255ea7,674,0,BB,1290,0,fold,0
20180323142040,18,7,Flop,e0e88e3d27a4885d3dffb13f3b30d05b,0,2,D,1638,348,allin,348
20180323142040,18,8,Flop,4fb82145dc3003a76c5b44a7704422d3,872,0,SB,2004,696,raise,366
20180323142040,19,1,Deal,e0e88e3d27a4885d3dffb13f3b30d05b,1656,2,1,480,0,fold,0
20180323142040,19,2,Deal,4fb82145dc3003a76c5b44a7704422d3,1220,0,D,480,0,fold,0
20180323142040,19,3,Deal,ab2716a7e6448e0707e533a7e7255ea7,354,0,SB,640,320,call,160
20180323142040,19,4,Deal,a980d10665f268b0ec6c13ebea43034f,1810,0,BB,960,640,bet,320
20180323142040,19,5,Deal,ab2716a7e6448e0707e533a7e7255ea7,34,0,SB,1280,640,call,320
20180323142040,19,6,Flop,ab2716a7e6448e0707e533a7e7255ea7,34,0,SB,1280,0,fold,0
20180323142040,19,7,Flop,a980d10665f268b0ec6c13ebea43034f,1810,0,BB,1280,0,call,0
20180323142040,20,1,Deal,4fb82145dc3003a76c5b44a7704422d3,1220,0,1,480,0,fold,0
20180323142040,20,2,Deal,ab2716a7e6448e0707e533a7e7255ea7,34,0,D,480,0,fold,0
20180323142040,20,3,Deal,a980d10665f268b0ec6c13ebea43034f,2610,0,SB,800,480,bet,320
20180323142040,20,4,Deal,e0e88e3d27a4885d3dffb13f3b30d05b,1336,2,BB,800,320,fold,0
20180323142040,21,1,Deal,ab2716a7e6448e0707e533a7e7255ea7,0,0,1,994,34,allin,34
20180323142040,21,2,Deal,a980d10665f268b0ec6c13ebea43034f,3410,0,D,994,0,fold,0
20180323142040,21,3,Deal,e0e88e3d27a4885d3dffb13f3b30d05b,1016,2,SB,994,320,fold,0
20180323142040,21,4,Deal,4fb82145dc3003a76c5b44a7704422d3,580,0,BB,994,640,call,0
20180323142040,22,1,Deal,a980d10665f268b0ec6c13ebea43034f,3410,0,1,422,0,fold,0
20180323142040,22,2,Deal,e0e88e3d27a4885d3dffb13f3b30d05b,696,2,D,742,320,call,320
20180323142040,22,3,Deal,4fb82145dc3003a76c5b44a7704422d3,1152,0,SB,742,320,call,0
20180323142040,22,4,Flop,4fb82145dc3003a76c5b44a7704422d3,502,0,SB,1392,650,bet,650
20180323142040,22,5,Flop,e0e88e3d27a4885d3dffb13f3b30d05b,46,2,D,2042,650,call,650
20180323142040,22,6,Turn,4fb82145dc3003a76c5b44a7704422d3,0,0,SB,2544,502,allin,502
20180323142040,22,7,Turn,e0e88e3d27a4885d3dffb13f3b30d05b,0,2,D,2590,46,allin,46
20180323142040,23,1,Deal,4fb82145dc3003a76c5b44a7704422d3,2590,0,D,960,0,fold,0
20180323142040,23,2,Deal,ab2716a7e6448e0707e533a7e7255ea7,360,1,SB,1280,640,call,320
20180323142040,23,3,Deal,a980d10665f268b0ec6c13ebea43034f,2130,0,BB,1920,1280,bet,640
20180323142040,23,4,Deal,ab2716a7e6448e0707e533a7e7255ea7,0,1,SB,2280,1000,allin,360
20180323142040,24,1,Deal,ab2716a7e6448e0707e533a7e7255ea7,1000,2,D,960,0,fold,0
20180323142040,24,2,Deal,a980d10665f268b0ec6c13ebea43034f,3450,0,SB,1600,960,bet,640
20180323142040,24,3,Deal,4fb82145dc3003a76c5b44a7704422d3,1630,0,BB,1920,960,call,320
20180323142040,24,4,Flop,a980d10665f268b0ec6c13ebea43034f,2810,0,SB,2560,640,bet,640
20180323142040,24,5,Flop,4fb82145dc3003a76c5b44a7704422d3,1630,0,BB,2560,0,fold,0
20180323142040,25,1,Deal,a980d10665f268b0ec6c13ebea43034f,4090,0,1,2920,1280,bet,1280
20180323142040,25,2,Deal,4fb82145dc3003a76c5b44a7704422d3,350,0,SB,3560,1280,call,640
20180323142040,25,3,Flop,4fb82145dc3003a76c5b44a7704422d3,0,0,SB,3910,350,allin,350
20180323142040,25,4,Flop,a980d10665f268b0ec6c13ebea43034f,3390,0,1,4610,700,raise,700
20180323142040,26,1,Deal,4fb82145dc3003a76c5b44a7704422d3,0,1,D,2920,1000,allin,1000
20180323142040,26,2,Deal,ab2716a7e6448e0707e533a7e7255ea7,1720,2,SB,3560,1280,call,640
20180323142040,26,3,Deal,a980d10665f268b0ec6c13ebea43034f,2440,0,BB,4840,2560,bet,1280
20180323142040,26,4,Deal,ab2716a7e6448e0707e533a7e7255ea7,440,2,SB,6120,2560,call,1280
20180323142040,26,5,Flop,ab2716a7e6448e0707e533a7e7255ea7,0,2,SB,6560,440,allin,440
20180323142040,26,6,Flop,a980d10665f268b0ec6c13ebea43034f,1160,0,BB,7840,1280,bet,1280
