﻿game_id,round_id,turn_id,roundName,playerName,chips,reloadCount,position,pot,bet,action,amount
20180327065159,1,1,Deal,tomas3,1000,0,1,30,0,fold,0
20180327065159,1,2,Deal,cat9,1000,0,2,30,0,fold,0
20180327065159,1,3,Deal,cat4,1000,0,3,30,0,fold,0
20180327065159,1,4,Deal,random_a,974,0,4,56,26,bet,26
20180327065159,1,5,Deal,random_b,974,0,5,82,26,call,26
20180327065159,1,6,Deal,basic_c,1000,0,6,82,0,fold,0
20180327065159,1,7,Deal,basic_b,1000,0,D,82,0,fold,0
20180327065159,1,8,Deal,basic_a,974,0,SB,98,26,call,16
20180327065159,1,9,Deal,tomas4,974,0,BB,104,26,call,6
20180327065159,1,10,Flop,basic_a,954,0,SB,124,20,bet,20
20180327065159,1,11,Flop,tomas4,974,0,BB,124,0,fold,0
20180327065159,1,12,Flop,random_a,954,0,4,144,20,call,20
20180327065159,1,13,Flop,random_b,954,0,5,164,20,call,20
20180327065159,1,14,Turn,basic_a,954,0,SB,164,0,check,0
20180327065159,1,15,Turn,random_a,954,0,4,164,0,fold,0
20180327065159,1,16,Turn,random_b,913,0,5,205,41,bet,41
20180327065159,1,17,Turn,basic_a,872,0,SB,287,82,raise,82
20180327065159,1,18,Turn,random_b,913,0,5,287,41,fold,0
20180327065159,2,1,Deal,cat9,1000,0,1,30,0,fold,0
20180327065159,2,2,Deal,cat4,2000,1,2,30,0,fold,0
20180327065159,2,3,Deal,random_a,934,0,3,50,20,call,20
20180327065159,2,4,Deal,random_b,834,0,4,129,79,bet,79
20180327065159,2,5,Deal,basic_c,842,0,5,287,158,raise,158
20180327065159,2,6,Deal,basic_b,842,0,6,445,158,call,158
20180327065159,2,7,Deal,basic_a,1159,0,D,445,0,fold,0
20180327065159,2,8,Deal,tomas4,964,0,SB,445,10,fold,0
20180327065159,2,9,Deal,tomas3,842,0,BB,583,158,call,138
20180327065159,2,10,Deal,random_a,796,0,3,721,158,call,138
20180327065159,2,11,Deal,random_b,755,0,4,800,158,call,79
20180327065159,2,12,Flop,tomas3,842,0,BB,800,0,check,0
20180327065159,2,13,Flop,random_a,796,0,3,800,0,check,0
20180327065159,2,14,Flop,random_b,0,0,4,1555,755,allin,755
20180327065159,2,15,Flop,basic_c,0,0,5,2397,842,allin,842
20180327065159,2,16,Flop,basic_b,842,0,6,2397,0,fold,0
20180327065159,2,17,Flop,tomas3,842,0,BB,2397,0,fold,0
20180327065159,2,18,Flop,random_a,0,0,3,3193,796,allin,796
20180327065159,3,1,Deal,cat4,3000,2,1,30,0,fold,0
20180327065159,3,2,Deal,random_a,980,1,2,50,20,call,20
20180327065159,3,3,Deal,random_b,3065,0,3,50,0,fold,0
20180327065159,3,4,Deal,basic_c,128,0,4,50,0,fold,0
20180327065159,3,5,Deal,basic_b,802,0,5,90,40,raise,40
20180327065159,3,6,Deal,basic_a,1079,0,6,170,80,raise,80
20180327065159,3,7,Deal,tomas4,884,0,D,250,80,call,80
20180327065159,3,8,Deal,tomas3,762,0,SB,320,80,call,70
20180327065159,3,9,Deal,cat9,920,0,BB,380,80,call,60
20180327065159,3,10,Deal,random_a,920,1,2,440,80,call,60
20180327065159,3,11,Deal,basic_b,682,0,5,560,160,raise,120
20180327065159,3,12,Deal,basic_a,839,0,6,800,320,raise,240
20180327065159,3,13,Deal,tomas4,644,0,D,1040,320,call,240
20180327065159,3,14,Deal,tomas3,522,0,SB,1280,320,call,240
20180327065159,3,15,Deal,cat9,680,0,BB,1520,320,call,240
20180327065159,3,16,Deal,random_a,680,1,2,1760,320,call,240
20180327065159,3,17,Deal,basic_b,522,0,5,1920,320,call,160
20180327065159,3,18,Flop,tomas3,522,0,SB,1920,0,check,0
20180327065159,3,19,Flop,cat9,650,0,BB,1950,30,bet,30
20180327065159,3,20,Flop,random_a,650,1,2,1980,30,call,30
20180327065159,3,21,Flop,basic_b,0,0,5,2502,522,allin,522
20180327065159,3,22,Flop,basic_a,839,0,6,2502,0,fold,0
20180327065159,3,23,Flop,tomas4,0,0,D,3146,644,allin,644
20180327065159,3,24,Flop,tomas3,0,0,SB,3668,522,allin,522
20180327065159,3,25,Flop,cat9,36,0,BB,4282,644,call,614
20180327065159,3,26,Flop,random_a,0,1,2,4932,680,allin,650
20180327065159,3,27,Flop,cat9,0,0,BB,4968,680,allin,36
20180327065159,4,1,Deal,random_a,934,2,1,96,66,bet,66
20180327065159,4,2,Deal,random_b,2999,0,2,162,66,call,66
20180327065159,4,3,Deal,basic_c,0,0,3,290,128,allin,128
20180327065159,4,4,Deal,basic_b,4274,0,4,546,256,raise,256
20180327065159,4,5,Deal,basic_a,327,0,5,1058,512,raise,512
20180327065159,4,6,Deal,tomas4,0,0,6,1424,366,allin,366
20180327065159,4,7,Deal,tomas3,488,1,D,1936,512,call,512
20180327065159,4,8,Deal,cat9,0,0,SB,1998,72,allin,62
20180327065159,4,9,Deal,cat4,2488,2,BB,2490,512,call,492
20180327065159,4,10,Deal,random_a,488,2,1,2936,512,call,446
20180327065159,4,11,Deal,random_b,2553,0,2,3382,512,call,446
20180327065159,4,12,Deal,basic_b,4018,0,4,3638,512,call,256
20180327065159,4,13,Flop,cat4,2108,2,BB,4018,380,bet,380
20180327065159,4,14,Flop,random_a,108,2,1,4398,380,call,380
20180327065159,4,15,Flop,random_b,2173,0,2,4778,380,call,380
20180327065159,4,16,Flop,basic_b,3258,0,4,5538,760,raise,760
20180327065159,4,17,Flop,basic_a,327,0,5,5538,0,fold,0
20180327065159,4,18,Flop,tomas3,0,1,D,6026,488,allin,488
20180327065159,4,19,Flop,cat4,968,2,BB,7166,1520,raise,1140
20180327065159,4,20,Flop,random_a,0,2,1,7274,488,allin,108
20180327065159,4,21,Flop,random_b,1033,0,2,8414,1520,call,1140
20180327065159,4,22,Flop,basic_b,978,0,4,10694,3040,raise,2280
20180327065159,4,23,Flop,cat4,968,2,BB,10694,1520,fold,0
20180327065159,4,24,Flop,random_b,0,0,2,11727,2553,allin,1033
20180327065159,5,1,Deal,random_b,973,1,1,57,27,bet,27
20180327065159,5,2,Deal,basic_c,946,1,2,111,54,raise,54
20180327065159,5,3,Deal,basic_b,6519,0,3,219,108,raise,108
20180327065159,5,4,Deal,basic_a,327,0,4,219,0,fold,0
20180327065159,5,5,Deal,tomas4,1000,1,5,219,0,fold,0
20180327065159,5,6,Deal,tomas3,1000,2,6,219,0,fold,0
20180327065159,5,7,Deal,cat9,1000,1,D,219,0,fold,0
20180327065159,5,8,Deal,cat4,860,2,SB,317,108,call,98
20180327065159,5,9,Deal,random_a,6058,2,BB,317,20,fold,0
20180327065159,5,10,Deal,random_b,892,1,1,398,108,call,81
20180327065159,5,11,Deal,basic_c,784,1,2,560,216,raise,162
20180327065159,5,12,Deal,basic_b,6411,0,3,668,216,call,108
20180327065159,5,13,Deal,cat4,752,2,SB,776,216,call,108
20180327065159,5,14,Deal,random_b,892,1,1,776,108,fold,0
20180327065159,5,15,Flop,cat4,639,2,SB,889,113,bet,113
20180327065159,5,16,Flop,basic_c,671,1,2,1002,113,call,113
20180327065159,5,17,Flop,basic_b,6298,0,3,1115,113,call,113
20180327065159,5,18,Turn,cat4,6,2,SB,1748,633,bet,633
20180327065159,5,19,Turn,basic_c,38,1,2,2381,633,call,633
20180327065159,5,20,Turn,basic_b,6298,0,3,2381,0,fold,0
20180327065159,5,21,River,cat4,0,2,SB,2387,6,allin,6
20180327065159,5,22,River,basic_c,32,1,2,2393,6,call,6
20180327065159,6,1,Deal,basic_c,0,1,1,62,32,allin,32
20180327065159,6,2,Deal,basic_b,6298,0,2,62,0,fold,0
20180327065159,6,3,Deal,basic_a,327,0,3,62,0,fold,0
20180327065159,6,4,Deal,tomas4,1000,1,4,62,0,fold,0
20180327065159,6,5,Deal,tomas3,968,2,5,94,32,call,32
20180327065159,6,6,Deal,cat9,1000,1,6,94,0,fold,0
20180327065159,6,7,Deal,cat4,2361,2,D,126,32,call,32
20180327065159,6,8,Deal,random_a,6026,2,SB,148,32,call,22
20180327065159,6,9,Deal,random_b,872,1,BB,148,20,fold,0
20180327065159,6,10,Flop,random_a,6006,2,SB,168,20,bet,20
20180327065159,6,11,Flop,tomas3,948,2,5,188,20,call,20
20180327065159,6,12,Flop,cat4,2321,2,D,228,40,raise,40
20180327065159,6,13,Flop,random_a,6006,2,SB,228,20,fold,0
20180327065159,6,14,Flop,tomas3,928,2,5,248,40,call,20
20180327065159,6,15,Turn,tomas3,928,2,5,248,0,fold,0
20180327065159,6,16,Turn,cat4,2321,2,D,248,0,call,0
20180327065159,7,1,Deal,basic_b,6258,0,1,70,40,raise,40
20180327065159,7,2,Deal,basic_a,247,0,2,150,80,raise,80
20180327065159,7,3,Deal,tomas4,920,1,3,230,80,call,80
20180327065159,7,4,Deal,tomas3,848,2,4,310,80,call,80
20180327065159,7,5,Deal,cat9,1000,1,5,310,0,fold,0
20180327065159,7,6,Deal,cat4,2341,2,6,390,80,call,80
20180327065159,7,7,Deal,random_a,5926,2,D,470,80,call,80
20180327065159,7,8,Deal,random_b,792,1,SB,540,80,call,70
20180327065159,7,9,Deal,basic_c,68,1,BB,600,80,call,60
20180327065159,7,10,Deal,basic_b,6138,0,1,720,160,raise,120
20180327065159,7,11,Deal,basic_a,167,0,2,800,160,call,80
20180327065159,7,12,Deal,tomas4,840,1,3,880,160,call,80
20180327065159,7,13,Deal,tomas3,768,2,4,960,160,call,80
20180327065159,7,14,Deal,cat4,2261,2,6,1040,160,call,80
20180327065159,7,15,Deal,random_a,0,2,D,6966,6006,allin,5926
20180327065159,7,16,Deal,random_b,0,1,SB,7758,872,allin,792
20180327065159,7,17,Deal,basic_c,68,1,BB,7758,80,fold,0
20180327065159,7,18,Deal,basic_b,6138,0,1,7758,160,fold,0
20180327065159,7,19,Deal,basic_a,167,0,2,7758,160,fold,0
20180327065159,7,20,Deal,tomas4,0,1,3,8598,1000,allin,840
20180327065159,7,21,Deal,tomas3,0,2,4,9366,928,allin,768
20180327065159,7,22,Deal,cat4,0,2,6,11627,2421,allin,2261
20180327065159,8,1,Deal,basic_a,127,0,1,70,40,raise,40
20180327065159,8,2,Deal,tomas4,1000,2,2,70,0,fold,0
20180327065159,8,3,Deal,tomas3,4984,2,3,70,0,fold,0
20180327065159,8,4,Deal,cat9,960,1,4,110,40,call,40
20180327065159,8,5,Deal,random_a,6603,2,5,150,40,call,40
20180327065159,8,6,Deal,random_b,1000,2,D,150,0,fold,0
20180327065159,8,7,Deal,basic_c,28,1,SB,180,40,call,30
20180327065159,8,8,Deal,basic_b,6118,0,BB,180,20,fold,0
20180327065159,8,9,Flop,basic_c,28,1,SB,180,0,check,0
20180327065159,8,10,Flop,basic_a,127,0,1,180,0,check,0
20180327065159,8,11,Flop,cat9,960,1,4,180,0,fold,0
20180327065159,8,12,Flop,random_a,6603,2,5,180,0,fold,0
20180327065159,8,13,Turn,basic_c,8,1,SB,200,20,bet,20
20180327065159,8,14,Turn,basic_a,127,0,1,200,0,fold,0
20180327065159,9,1,Deal,tomas4,1000,2,1,30,0,fold,0
20180327065159,9,2,Deal,tomas3,4984,2,2,30,0,fold,0
20180327065159,9,3,Deal,cat9,960,1,3,30,0,fold,0
20180327065159,9,4,Deal,random_a,6556,2,4,77,47,bet,47
20180327065159,9,5,Deal,random_b,953,2,5,124,47,call,47
20180327065159,9,6,Deal,basic_c,208,1,D,124,0,fold,0
20180327065159,9,7,Deal,basic_b,6108,0,SB,124,10,fold,0
20180327065159,9,8,Deal,basic_a,80,0,BB,151,47,call,27
20180327065159,9,9,Flop,basic_a,60,0,BB,171,20,bet,20
20180327065159,9,10,Flop,random_a,6513,2,4,214,43,bet,43
20180327065159,9,11,Flop,random_b,910,2,5,257,43,call,43
20180327065159,9,12,Flop,basic_a,0,0,BB,317,80,allin,60
20180327065159,9,13,Flop,random_a,6476,2,4,354,80,call,37
20180327065159,9,14,Flop,random_b,873,2,5,391,80,call,37
20180327065159,9,15,Turn,random_a,6416,2,4,451,60,bet,60
20180327065159,9,16,Turn,random_b,813,2,5,511,60,call,60
20180327065159,9,17,River,random_a,6416,2,4,511,0,check,0
20180327065159,9,18,River,random_b,813,2,5,511,0,check,0
20180327065159,10,1,Deal,tomas3,4984,2,1,60,0,fold,0
20180327065159,10,2,Deal,cat9,920,1,2,100,40,call,40
20180327065159,10,3,Deal,random_a,6360,2,3,156,56,bet,56
20180327065159,10,4,Deal,random_b,0,2,4,1480,1324,allin,1324
20180327065159,10,5,Deal,basic_c,0,1,5,1688,208,allin,208
20180327065159,10,6,Deal,basic_b,6108,0,D,1688,0,fold,0
20180327065159,10,7,Deal,basic_a,0,1,SB,2668,1000,allin,980
20180327065159,10,8,Deal,tomas4,0,2,BB,3628,1000,allin,960
20180327065159,10,9,Deal,cat9,0,1,2,4548,960,allin,920
20180327065159,10,10,Deal,random_a,5092,2,3,5816,1324,call,1268
20180327065159,11,1,Deal,random_a,0,2,1,10968,10908,allin,10908
20180327065159,11,2,Deal,basic_c,0,2,2,11968,1000,allin,1000
20180327065159,11,3,Deal,basic_b,0,0,3,18076,6108,allin,6108
20180327065159,11,4,Deal,basic_a,0,2,D,19076,1000,allin,1000
20180327065159,11,5,Deal,tomas3,0,2,SB,24040,4984,allin,4964
20180327065159,11,6,Deal,cat9,0,2,BB,25000,1000,allin,960
