﻿game_id,round_id,turn_id,roundName,playerName,chips,reloadCount,position,pot,bet,action,amount
20180327064314,1,1,Deal,cat4,980,0,1,50,20,call,20
20180327064314,1,2,Deal,random_a,925,0,2,125,75,bet,75
20180327064314,1,3,Deal,random_b,0,0,3,1125,1000,allin,1000
20180327064314,1,4,Deal,basic_c,0,0,4,2125,1000,allin,1000
20180327064314,1,5,Deal,basic_b,0,0,5,3125,1000,allin,1000
20180327064314,1,6,Deal,basic_a,0,0,6,4125,1000,allin,1000
20180327064314,1,7,Deal,tomas4,0,0,D,5125,1000,allin,1000
20180327064314,1,8,Deal,tomas3,0,0,SB,6115,1000,allin,990
20180327064314,1,9,Deal,cat9,0,0,BB,7095,1000,allin,980
20180327064314,1,10,Deal,cat4,980,0,1,7095,20,fold,0
20180327064314,1,11,Deal,random_a,0,0,2,8020,1000,allin,925
20180327064314,2,1,Deal,random_a,1000,1,1,30,0,fold,0
20180327064314,2,2,Deal,random_b,977,1,2,53,23,bet,23
20180327064314,2,3,Deal,basic_c,977,1,3,76,23,call,23
20180327064314,2,4,Deal,basic_b,7974,0,4,122,46,raise,46
20180327064314,2,5,Deal,basic_a,1000,1,5,122,0,fold,0
20180327064314,2,6,Deal,tomas4,954,1,6,168,46,call,46
20180327064314,2,7,Deal,tomas3,954,1,D,214,46,call,46
20180327064314,2,8,Deal,cat9,954,1,SB,250,46,call,36
20180327064314,2,9,Deal,cat4,1934,1,BB,276,46,call,26
20180327064314,2,10,Deal,random_b,954,1,2,299,46,call,23
20180327064314,2,11,Deal,basic_c,954,1,3,322,46,call,23
20180327064314,2,12,Flop,cat9,924,1,SB,352,30,bet,30
20180327064314,2,13,Flop,cat4,1874,1,BB,412,60,raise,60
20180327064314,2,14,Flop,random_b,894,1,2,472,60,call,60
20180327064314,2,15,Flop,basic_c,834,1,3,592,120,raise,120
20180327064314,2,16,Flop,basic_b,7734,0,4,832,240,raise,240
20180327064314,2,17,Flop,tomas4,954,1,6,832,0,fold,0
20180327064314,2,18,Flop,tomas3,954,1,D,832,0,fold,0
20180327064314,2,19,Flop,cat9,714,1,SB,1042,240,call,210
20180327064314,2,20,Flop,cat4,1874,1,BB,1042,60,fold,0
20180327064314,2,21,Flop,random_b,714,1,2,1222,240,call,180
20180327064314,2,22,Flop,basic_c,474,1,3,1582,480,raise,360
20180327064314,2,23,Flop,basic_b,7494,0,4,1822,480,call,240
20180327064314,2,24,Flop,cat9,474,1,SB,2062,480,call,240
20180327064314,2,25,Flop,random_b,474,1,2,2302,480,call,240
20180327064314,2,26,Turn,cat9,444,1,SB,2332,30,bet,30
20180327064314,2,27,Turn,random_b,444,1,2,2362,30,call,30
20180327064314,2,28,Turn,basic_c,444,1,3,2392,30,call,30
20180327064314,2,29,Turn,basic_b,7464,0,4,2422,30,call,30
20180327064314,2,30,River,cat9,414,1,SB,2452,30,bet,30
20180327064314,2,31,River,random_b,414,1,2,2482,30,call,30
20180327064314,2,32,River,basic_c,414,1,3,2512,30,call,30
20180327064314,2,33,River,basic_b,7464,0,4,2512,0,fold,0
20180327064314,3,1,Deal,random_b,394,1,1,50,20,call,20
20180327064314,3,2,Deal,basic_c,2886,1,2,90,40,raise,40
20180327064314,3,3,Deal,basic_b,7464,0,3,90,0,fold,0
20180327064314,3,4,Deal,basic_a,1000,1,4,90,0,fold,0
20180327064314,3,5,Deal,tomas4,914,1,5,130,40,call,40
20180327064314,3,6,Deal,tomas3,914,1,6,170,40,call,40
20180327064314,3,7,Deal,cat9,414,1,D,170,0,fold,0
20180327064314,3,8,Deal,cat4,2834,2,SB,200,40,call,30
20180327064314,3,9,Deal,random_a,960,1,BB,220,40,call,20
20180327064314,3,10,Deal,random_b,374,1,1,240,40,call,20
20180327064314,3,11,Flop,cat4,2671,2,SB,403,163,bet,163
20180327064314,3,12,Flop,random_a,797,1,BB,566,163,call,163
20180327064314,3,13,Flop,random_b,211,1,1,729,163,call,163
20180327064314,3,14,Flop,basic_c,2886,1,2,729,0,fold,0
20180327064314,3,15,Flop,tomas4,185,1,5,1458,729,bet,729
20180327064314,3,16,Flop,tomas3,914,1,6,1458,0,fold,0
20180327064314,3,17,Flop,cat4,1376,2,SB,2753,1458,raise,1295
20180327064314,3,18,Flop,random_a,0,1,BB,3550,960,allin,797
20180327064314,3,19,Flop,random_b,0,1,1,3761,374,allin,211
20180327064314,3,20,Flop,tomas4,0,1,5,3946,914,allin,185
20180327064314,4,1,Deal,basic_c,2886,1,1,30,0,fold,0
20180327064314,4,2,Deal,basic_b,7464,0,2,30,0,fold,0
20180327064314,4,3,Deal,basic_a,980,1,3,50,20,call,20
20180327064314,4,4,Deal,tomas4,1000,2,4,50,0,fold,0
20180327064314,4,5,Deal,tomas3,894,1,5,70,20,call,20
20180327064314,4,6,Deal,cat9,394,1,6,90,20,call,20
20180327064314,4,7,Deal,cat4,5302,2,D,110,20,call,20
20180327064314,4,8,Deal,random_a,980,2,SB,120,20,call,10
20180327064314,4,9,Deal,random_b,980,2,BB,120,20,call,0
20180327064314,4,10,Flop,random_a,980,2,SB,120,0,check,0
20180327064314,4,11,Flop,random_b,980,2,BB,120,0,check,0
20180327064314,4,12,Flop,basic_a,960,1,3,140,20,bet,20
20180327064314,4,13,Flop,tomas3,874,1,5,160,20,call,20
20180327064314,4,14,Flop,cat9,394,1,6,160,0,fold,0
20180327064314,4,15,Flop,cat4,5262,2,D,200,40,raise,40
20180327064314,4,16,Flop,random_a,980,2,SB,200,0,fold,0
20180327064314,4,17,Flop,random_b,929,2,BB,251,51,bet,51
20180327064314,4,18,Flop,basic_a,929,1,3,282,51,call,31
20180327064314,4,19,Flop,tomas3,843,1,5,313,51,call,31
20180327064314,4,20,Flop,cat4,5231,2,D,344,71,bet,31
20180327064314,4,21,Flop,random_b,909,2,BB,364,71,call,20
20180327064314,4,22,Flop,basic_a,909,1,3,384,71,call,20
20180327064314,4,23,Flop,tomas3,823,1,5,404,71,call,20
20180327064314,4,24,Turn,random_b,909,2,BB,404,0,check,0
20180327064314,4,25,Turn,basic_a,889,1,3,424,20,bet,20
20180327064314,4,26,Turn,tomas3,803,1,5,444,20,call,20
20180327064314,4,27,Turn,cat4,5186,2,D,489,45,bet,45
20180327064314,4,28,Turn,random_b,864,2,BB,534,45,call,45
20180327064314,4,29,Turn,basic_a,819,1,3,604,90,raise,70
20180327064314,4,30,Turn,tomas3,803,1,5,604,20,fold,0
20180327064314,4,31,Turn,cat4,5051,2,D,739,180,raise,135
20180327064314,4,32,Turn,random_b,729,2,BB,874,180,call,135
20180327064314,4,33,Turn,basic_a,729,1,3,964,180,call,90
20180327064314,4,34,River,random_b,729,2,BB,964,0,check,0
20180327064314,4,35,River,basic_a,0,1,3,1693,729,allin,729
20180327064314,4,36,River,cat4,5051,2,D,1693,0,fold,0
20180327064314,4,37,River,random_b,0,2,BB,2422,729,allin,729
20180327064314,5,1,Deal,basic_a,2422,1,1,30,0,fold,0
20180327064314,5,2,Deal,tomas4,1000,2,2,30,0,fold,0
20180327064314,5,3,Deal,tomas3,803,1,3,30,0,fold,0
20180327064314,5,4,Deal,cat9,394,1,4,30,0,fold,0
20180327064314,5,5,Deal,cat4,5031,2,5,50,20,call,20
20180327064314,5,6,Deal,random_a,960,2,D,70,20,call,20
20180327064314,5,7,Deal,basic_c,2866,1,SB,80,20,call,10
20180327064314,5,8,Deal,basic_b,7444,0,BB,80,20,call,0
20180327064314,5,9,Flop,basic_c,2846,1,SB,100,20,bet,20
20180327064314,5,10,Flop,basic_b,7424,0,BB,120,20,call,20
20180327064314,5,11,Flop,cat4,5031,2,5,120,0,fold,0
20180327064314,5,12,Flop,random_a,940,2,D,140,20,call,20
20180327064314,5,13,Turn,basic_c,2826,1,SB,160,20,bet,20
20180327064314,5,14,Turn,basic_b,7424,0,BB,160,0,fold,0
20180327064314,5,15,Turn,random_a,920,2,D,180,20,call,20
20180327064314,5,16,River,basic_c,2826,1,SB,180,0,check,0
20180327064314,5,17,River,random_a,900,2,D,200,20,bet,20
20180327064314,5,18,River,basic_c,2806,1,SB,220,20,call,20
20180327064314,6,1,Deal,tomas4,1000,2,1,30,0,fold,0
20180327064314,6,2,Deal,tomas3,783,1,2,50,20,call,20
20180327064314,6,3,Deal,cat9,394,1,3,50,0,fold,0
20180327064314,6,4,Deal,cat4,5031,2,4,50,0,fold,0
20180327064314,6,5,Deal,random_a,1100,2,5,70,20,call,20
20180327064314,6,6,Deal,basic_c,2786,1,D,90,20,call,20
20180327064314,6,7,Deal,basic_b,7414,0,SB,90,10,fold,0
20180327064314,6,8,Deal,basic_a,2402,1,BB,90,20,call,0
20180327064314,6,9,Flop,basic_a,2382,1,BB,110,20,bet,20
20180327064314,6,10,Flop,tomas3,763,1,2,130,20,call,20
20180327064314,6,11,Flop,random_a,1100,2,5,130,0,fold,0
20180327064314,6,12,Flop,basic_c,2786,1,D,130,0,fold,0
20180327064314,6,13,Turn,basic_a,2362,1,BB,150,20,bet,20
20180327064314,6,14,Turn,tomas3,743,1,2,170,20,call,20
20180327064314,6,15,River,basic_a,2342,1,BB,190,20,bet,20
20180327064314,6,16,River,tomas3,743,1,2,190,0,fold,0
20180327064314,7,1,Deal,tomas3,723,1,1,50,20,call,20
20180327064314,7,2,Deal,cat9,374,1,2,70,20,call,20
20180327064314,7,3,Deal,cat4,5031,2,3,70,0,fold,0
20180327064314,7,4,Deal,random_a,1080,2,4,90,20,call,20
20180327064314,7,5,Deal,basic_c,2746,1,5,130,40,raise,40
20180327064314,7,6,Deal,basic_b,7414,0,D,130,0,fold,0
20180327064314,7,7,Deal,basic_a,2522,1,SB,130,10,fold,0
20180327064314,7,8,Deal,tomas4,855,2,BB,255,145,bet,125
20180327064314,7,9,Deal,tomas3,598,1,1,380,145,call,125
20180327064314,7,10,Deal,cat9,249,1,2,505,145,call,125
20180327064314,7,11,Deal,random_a,955,2,4,630,145,call,125
20180327064314,7,12,Deal,basic_c,2641,1,5,735,145,call,105
20180327064314,7,13,Flop,tomas4,855,2,BB,735,0,check,0
20180327064314,7,14,Flop,tomas3,578,1,1,755,20,bet,20
20180327064314,7,15,Flop,cat9,229,1,2,775,20,call,20
20180327064314,7,16,Flop,random_a,908,2,4,822,47,bet,47
20180327064314,7,17,Flop,basic_c,2641,1,5,822,0,fold,0
20180327064314,7,18,Flop,tomas4,808,2,BB,869,47,call,47
20180327064314,7,19,Flop,tomas3,551,1,1,896,47,call,27
20180327064314,7,20,Flop,cat9,202,1,2,923,47,call,27
20180327064314,7,21,Turn,tomas4,808,2,BB,923,0,check,0
20180327064314,7,22,Turn,tomas3,531,1,1,943,20,bet,20
20180327064314,7,23,Turn,cat9,182,1,2,963,20,call,20
20180327064314,7,24,Turn,random_a,888,2,4,983,20,call,20
20180327064314,7,25,Turn,tomas4,788,2,BB,1003,20,call,20
20180327064314,7,26,River,tomas4,760,2,BB,1031,28,bet,28
20180327064314,7,27,River,tomas3,122,1,1,1440,409,bet,409
20180327064314,7,28,River,cat9,0,1,2,1622,182,allin,182
20180327064314,7,29,River,random_a,479,2,4,2031,409,call,409
20180327064314,7,30,River,tomas4,379,2,BB,2412,409,call,381
20180327064314,8,1,Deal,cat9,980,2,1,50,20,call,20
20180327064314,8,2,Deal,cat4,5031,2,2,50,0,fold,0
20180327064314,8,3,Deal,random_a,459,2,3,70,20,call,20
20180327064314,8,4,Deal,basic_c,2621,1,4,90,20,call,20
20180327064314,8,5,Deal,basic_b,7374,0,5,130,40,raise,40
20180327064314,8,6,Deal,basic_a,2522,1,D,130,0,fold,0
20180327064314,8,7,Deal,tomas4,339,2,SB,160,40,call,30
20180327064314,8,8,Deal,tomas3,2494,1,BB,180,40,call,20
20180327064314,8,9,Deal,cat9,960,2,1,200,40,call,20
20180327064314,8,10,Deal,random_a,439,2,3,220,40,call,20
20180327064314,8,11,Deal,basic_c,2601,1,4,240,40,call,20
20180327064314,8,12,Flop,tomas4,339,2,SB,240,0,check,0
20180327064314,8,13,Flop,tomas3,2494,1,BB,240,0,check,0
20180327064314,8,14,Flop,cat9,960,2,1,240,0,fold,0
20180327064314,8,15,Flop,random_a,386,2,3,293,53,bet,53
20180327064314,8,16,Flop,basic_c,2548,1,4,346,53,call,53
20180327064314,8,17,Flop,basic_b,7374,0,5,346,0,fold,0
20180327064314,8,18,Flop,tomas4,286,2,SB,399,53,call,53
20180327064314,8,19,Flop,tomas3,2441,1,BB,452,53,call,53
20180327064314,8,20,Turn,tomas4,286,2,SB,452,0,check,0
20180327064314,8,21,Turn,tomas3,2441,1,BB,452,0,check,0
20180327064314,8,22,Turn,random_a,386,2,3,452,0,check,0
20180327064314,8,23,Turn,basic_c,2548,1,4,452,0,check,0
20180327064314,8,24,River,tomas4,0,2,SB,738,286,allin,286
20180327064314,8,25,River,tomas3,2155,1,BB,1024,286,call,286
20180327064314,8,26,River,random_a,100,2,3,1310,286,call,286
20180327064314,8,27,River,basic_c,2548,1,4,1310,0,fold,0
20180327064314,9,1,Deal,cat4,4991,2,1,100,40,call,40
20180327064314,9,2,Deal,random_a,60,2,2,140,40,call,40
20180327064314,9,3,Deal,basic_c,2468,1,3,220,80,raise,80
20180327064314,9,4,Deal,basic_b,7374,0,4,220,0,fold,0
20180327064314,9,5,Deal,basic_a,2442,1,5,300,80,call,80
20180327064314,9,6,Deal,tomas4,1150,2,D,460,160,raise,160
20180327064314,9,7,Deal,tomas3,1995,1,SB,600,160,call,140
20180327064314,9,8,Deal,cat9,800,2,BB,720,160,call,120
20180327064314,9,9,Deal,cat4,4871,2,1,840,160,call,120
20180327064314,9,10,Deal,random_a,0,2,2,900,100,allin,60
20180327064314,9,11,Deal,basic_c,2228,1,3,1140,320,raise,240
20180327064314,9,12,Deal,basic_a,1882,1,5,1700,640,raise,560
20180327064314,9,13,Deal,tomas4,670,2,D,2180,640,call,480
20180327064314,9,14,Deal,tomas3,1515,1,SB,2660,640,call,480
20180327064314,9,15,Deal,cat9,320,2,BB,3140,640,call,480
20180327064314,9,16,Deal,cat4,4391,2,1,3620,640,call,480
20180327064314,9,17,Deal,basic_c,1908,1,3,3940,640,call,320
20180327064314,9,18,Flop,tomas3,1515,1,SB,3940,0,check,0
20180327064314,9,19,Flop,cat9,320,2,BB,3940,0,fold,0
20180327064314,9,20,Flop,cat4,3872,2,1,4459,519,bet,519
20180327064314,9,21,Flop,basic_c,1389,1,3,4978,519,call,519
20180327064314,9,22,Flop,basic_a,1882,1,5,4978,0,fold,0
20180327064314,9,23,Flop,tomas4,0,2,D,5648,670,allin,670
20180327064314,9,24,Flop,tomas3,845,1,SB,6318,670,call,670
20180327064314,9,25,Flop,cat4,3114,2,1,7076,1277,bet,758
20180327064314,9,26,Flop,basic_c,631,1,3,7834,1277,call,758
20180327064314,9,27,Flop,tomas3,238,1,SB,8441,1277,call,607
20180327064314,9,28,Turn,tomas3,238,1,SB,8441,0,check,0
20180327064314,9,29,Turn,cat4,1812,2,1,9743,1302,bet,1302
20180327064314,9,30,Turn,basic_c,631,1,3,9743,0,fold,0
20180327064314,9,31,Turn,tomas3,0,1,SB,9981,238,allin,238
20180327064314,10,1,Deal,random_a,660,2,1,100,40,call,40
20180327064314,10,2,Deal,basic_c,631,1,2,100,0,fold,0
20180327064314,10,3,Deal,basic_b,7374,0,3,100,0,fold,0
20180327064314,10,4,Deal,basic_a,1882,1,4,100,0,fold,0
20180327064314,10,5,Deal,tomas4,3992,2,5,2028,1928,bet,1928
20180327064314,10,6,Deal,tomas3,0,2,D,3028,1000,allin,1000
20180327064314,10,7,Deal,cat9,0,2,SB,3328,320,allin,300
20180327064314,10,8,Deal,cat4,3245,2,BB,5216,1928,call,1888
20180327064314,10,9,Deal,random_a,0,2,1,5876,700,allin,660
20180327064314,10,10,Flop,cat4,2190,2,BB,6931,1055,bet,1055
20180327064314,10,11,Flop,tomas4,2937,2,5,7986,1055,call,1055
20180327064314,10,12,Turn,cat4,1069,2,BB,9107,1121,bet,1121
20180327064314,10,13,Turn,tomas4,1816,2,5,10228,1121,call,1121
20180327064314,10,14,River,cat4,0,2,BB,11297,1069,allin,1069
20180327064314,10,15,River,tomas4,747,2,5,12366,1069,call,1069
20180327064314,11,1,Deal,basic_b,7294,0,1,140,80,raise,80
20180327064314,11,2,Deal,basic_a,1722,1,2,300,160,raise,160
20180327064314,11,3,Deal,tomas4,587,2,D,460,160,call,160
20180327064314,11,4,Deal,cat4,12206,2,SB,600,160,call,140
20180327064314,11,5,Deal,basic_c,471,1,BB,720,160,call,120
20180327064314,11,6,Deal,basic_b,7214,0,1,800,160,call,80
20180327064314,11,7,Flop,cat4,11996,2,SB,1010,210,bet,210
20180327064314,11,8,Flop,basic_c,261,1,BB,1220,210,call,210
20180327064314,11,9,Flop,basic_b,6794,0,1,1640,420,raise,420
20180327064314,11,10,Flop,basic_a,882,1,2,2480,840,raise,840
20180327064314,11,11,Flop,tomas4,0,2,D,3067,587,allin,587
20180327064314,11,12,Flop,cat4,10526,2,SB,4537,1680,raise,1470
20180327064314,11,13,Flop,basic_c,261,1,BB,4537,210,fold,0
20180327064314,11,14,Flop,basic_b,3854,0,1,7477,3360,raise,2940
20180327064314,11,15,Flop,basic_a,0,1,2,8359,1722,allin,882
20180327064314,11,16,Flop,cat4,8846,2,SB,10039,3360,call,1680
20180327064314,11,17,Turn,cat4,6648,2,SB,12237,2198,bet,2198
20180327064314,11,18,Turn,basic_b,1656,0,1,14435,2198,call,2198
20180327064314,11,19,River,cat4,0,2,SB,21083,6648,allin,6648
20180327064314,11,20,River,basic_b,0,0,1,22739,1656,allin,1656
