﻿game_id,round_id,turn_id,roundName,playerName,chips,reloadCount,position,pot,bet,action,amount
20180716200740,1,1,Deal,8ad6657751f02301029f8a7499e1cd50,3000,0,1,30,0,fold,0
20180716200740,1,2,Deal,jyp,3000,0,2,30,0,fold,0
20180716200740,1,3,Deal,8518eafd8feec0d8c056d396122a175a,2980,0,D,50,20,call,20
20180716200740,1,4,Deal,e66f111bad61bdb688192fa9f85acc71,2960,0,SB,80,40,bet,30
20180716200740,1,5,Deal,ede087847c63f8684e04900b0f1c47ed,2920,0,BB,140,80,bet,60
20180716200740,1,6,Deal,8518eafd8feec0d8c056d396122a175a,2920,0,D,200,80,call,60
20180716200740,1,7,Deal,e66f111bad61bdb688192fa9f85acc71,2920,0,SB,240,80,call,40
20180716200740,1,8,Flop,e66f111bad61bdb688192fa9f85acc71,2920,0,SB,240,0,fold,0
20180716200740,1,9,Flop,ede087847c63f8684e04900b0f1c47ed,2920,0,BB,240,0,fold,0
20180716200740,1,10,Flop,8518eafd8feec0d8c056d396122a175a,2920,0,D,240,0,call,0
20180716200740,2,1,Deal,jyp,3000,0,1,30,0,fold,0
20180716200740,2,2,Deal,8518eafd8feec0d8c056d396122a175a,3140,0,2,50,20,call,20
20180716200740,2,3,Deal,e66f111bad61bdb688192fa9f85acc71,2900,0,D,70,20,call,20
20180716200740,2,4,Deal,ede087847c63f8684e04900b0f1c47ed,2900,0,SB,80,20,call,10
20180716200740,2,5,Deal,8ad6657751f02301029f8a7499e1cd50,2980,0,BB,80,20,fold,0
20180716200740,2,6,Flop,ede087847c63f8684e04900b0f1c47ed,2880,0,SB,100,20,bet,20
20180716200740,2,7,Flop,8518eafd8feec0d8c056d396122a175a,3120,0,2,120,20,call,20
20180716200740,2,8,Flop,e66f111bad61bdb688192fa9f85acc71,2900,0,D,120,0,fold,0
20180716200740,2,9,Turn,ede087847c63f8684e04900b0f1c47ed,2880,0,SB,120,0,check,0
20180716200740,2,10,Turn,8518eafd8feec0d8c056d396122a175a,3020,0,2,220,100,bet,100
20180716200740,2,11,Turn,ede087847c63f8684e04900b0f1c47ed,2880,0,SB,220,0,fold,0
20180716200740,3,1,Deal,8518eafd8feec0d8c056d396122a175a,3220,0,1,50,20,call,20
20180716200740,3,2,Deal,e66f111bad61bdb688192fa9f85acc71,2840,0,2,110,60,bet,60
20180716200740,3,3,Deal,ede087847c63f8684e04900b0f1c47ed,2880,0,D,110,0,fold,0
20180716200740,3,4,Deal,8ad6657751f02301029f8a7499e1cd50,2970,0,SB,110,10,fold,0
20180716200740,3,5,Deal,jyp,2940,0,BB,150,60,call,40
20180716200740,3,6,Deal,8518eafd8feec0d8c056d396122a175a,3180,0,1,190,60,call,40
20180716200740,3,7,Flop,jyp,2750,0,BB,380,190,bet,190
20180716200740,3,8,Flop,8518eafd8feec0d8c056d396122a175a,2990,0,1,570,190,call,190
20180716200740,3,9,Flop,e66f111bad61bdb688192fa9f85acc71,2460,0,2,950,380,raise,380
20180716200740,3,10,Flop,jyp,2063,0,BB,1637,877,bet,687
20180716200740,3,11,Flop,8518eafd8feec0d8c056d396122a175a,2303,0,1,2324,877,call,687
20180716200740,3,12,Flop,e66f111bad61bdb688192fa9f85acc71,1086,0,2,3698,1754,raise,1374
20180716200740,3,13,Flop,jyp,1186,0,BB,4575,1754,call,877
20180716200740,3,14,Flop,8518eafd8feec0d8c056d396122a175a,1426,0,1,5452,1754,call,877
20180716200740,3,15,Turn,jyp,1186,0,BB,5452,0,check,0
20180716200740,3,16,Turn,8518eafd8feec0d8c056d396122a175a,1326,0,1,5552,100,bet,100
20180716200740,3,17,Turn,e66f111bad61bdb688192fa9f85acc71,932,0,2,5706,154,bet,154
20180716200740,3,18,Turn,jyp,1032,0,BB,5860,154,call,154
20180716200740,3,19,Turn,8518eafd8feec0d8c056d396122a175a,1272,0,1,5914,154,call,54
20180716200740,3,20,River,jyp,1032,0,BB,5914,0,check,0
20180716200740,3,21,River,8518eafd8feec0d8c056d396122a175a,1172,0,1,6014,100,bet,100
20180716200740,3,22,River,e66f111bad61bdb688192fa9f85acc71,932,0,2,6014,0,fold,0
20180716200740,3,23,River,jyp,932,0,BB,6114,100,call,100
20180716200740,4,1,Deal,e66f111bad61bdb688192fa9f85acc71,872,0,1,90,60,bet,60
20180716200740,4,2,Deal,ede087847c63f8684e04900b0f1c47ed,2880,0,2,90,0,fold,0
20180716200740,4,3,Deal,8ad6657751f02301029f8a7499e1cd50,2970,0,D,90,0,fold,0
20180716200740,4,4,Deal,jyp,6986,0,SB,140,60,call,50
20180716200740,4,5,Deal,8518eafd8feec0d8c056d396122a175a,1112,0,BB,180,60,call,40
20180716200740,4,6,Flop,jyp,6966,0,SB,200,20,bet,20
20180716200740,4,7,Flop,8518eafd8feec0d8c056d396122a175a,1092,0,BB,220,20,call,20
20180716200740,4,8,Flop,e66f111bad61bdb688192fa9f85acc71,872,0,1,220,0,fold,0
20180716200740,4,9,Turn,jyp,6966,0,SB,220,0,check,0
20180716200740,4,10,Turn,8518eafd8feec0d8c056d396122a175a,992,0,BB,320,100,bet,100
20180716200740,4,11,Turn,jyp,6866,0,SB,420,100,call,100
20180716200740,4,12,River,jyp,6866,0,SB,420,0,check,0
20180716200740,4,13,River,8518eafd8feec0d8c056d396122a175a,892,0,BB,520,100,bet,100
20180716200740,4,14,River,jyp,6766,0,SB,620,100,call,100
20180716200740,5,1,Deal,ede087847c63f8684e04900b0f1c47ed,2860,0,1,50,20,call,20
20180716200740,5,2,Deal,8ad6657751f02301029f8a7499e1cd50,2930,0,2,90,40,raise,40
20180716200740,5,3,Deal,jyp,6726,0,D,130,40,call,40
20180716200740,5,4,Deal,8518eafd8feec0d8c056d396122a175a,1472,0,SB,160,40,call,30
20180716200740,5,5,Deal,e66f111bad61bdb688192fa9f85acc71,832,0,BB,180,40,call,20
20180716200740,5,6,Deal,ede087847c63f8684e04900b0f1c47ed,2840,0,1,200,40,call,20
20180716200740,5,7,Flop,8518eafd8feec0d8c056d396122a175a,1372,0,SB,300,100,bet,100
20180716200740,5,8,Flop,e66f111bad61bdb688192fa9f85acc71,832,0,BB,300,0,fold,0
20180716200740,5,9,Flop,ede087847c63f8684e04900b0f1c47ed,2840,0,1,300,0,fold,0
20180716200740,5,10,Flop,8ad6657751f02301029f8a7499e1cd50,2830,0,2,400,100,call,100
20180716200740,5,11,Flop,jyp,6626,0,D,500,100,call,100
20180716200740,5,12,Turn,8518eafd8feec0d8c056d396122a175a,1272,0,SB,600,100,bet,100
20180716200740,5,13,Turn,8ad6657751f02301029f8a7499e1cd50,2630,0,2,800,200,raise,200
20180716200740,5,14,Turn,jyp,6226,0,D,1200,400,bet,400
20180716200740,5,15,Turn,8518eafd8feec0d8c056d396122a175a,972,0,SB,1500,400,call,300
20180716200740,5,16,Turn,8ad6657751f02301029f8a7499e1cd50,2030,0,2,2100,800,raise,600
20180716200740,5,17,Turn,jyp,5448,0,D,2878,1178,bet,778
20180716200740,5,18,Turn,8518eafd8feec0d8c056d396122a175a,194,0,SB,3656,1178,call,778
20180716200740,5,19,Turn,8ad6657751f02301029f8a7499e1cd50,474,0,2,5212,2356,raise,1556
20180716200740,5,20,Turn,jyp,4270,0,D,6390,2356,call,1178
20180716200740,5,21,Turn,8518eafd8feec0d8c056d396122a175a,0,0,SB,6584,1372,allin,194
20180716200740,5,22,River,8ad6657751f02301029f8a7499e1cd50,474,0,2,6584,0,fold,0
20180716200740,5,23,River,jyp,4270,0,D,6584,0,call,0
