﻿game_id,round_id,turn_id,roundName,playerName,chips,reloadCount,position,pot,bet,action,amount
20180326011322,1,1,Deal,basic_a,1000,0,1,30,0,fold,0
20180326011322,1,2,Deal,basic_b,960,0,2,70,40,raise,40
20180326011322,1,3,Deal,basic_c,1000,0,3,70,0,fold,0
20180326011322,1,4,Deal,random_b,960,0,4,110,40,call,40
20180326011322,1,5,Deal,random_a,960,0,5,150,40,call,40
20180326011322,1,6,Deal,cat9,1000,0,D,150,0,fold,0
20180326011322,1,7,Deal,cat4,960,0,SB,180,40,call,30
20180326011322,1,8,Deal,tomas2,960,0,BB,200,40,call,20
20180326011322,1,9,Flop,cat4,895,0,SB,265,65,bet,65
20180326011322,1,10,Flop,tomas2,960,0,BB,265,0,fold,0
20180326011322,1,11,Flop,basic_b,830,0,2,395,130,raise,130
20180326011322,1,12,Flop,random_b,830,0,4,525,130,call,130
20180326011322,1,13,Flop,random_a,830,0,5,655,130,call,130
20180326011322,1,14,Flop,cat4,666,0,SB,884,294,bet,229
20180326011322,1,15,Flop,basic_b,372,0,2,1342,588,raise,458
20180326011322,1,16,Flop,random_b,372,0,4,1800,588,call,458
20180326011322,1,17,Flop,random_a,0,0,5,2630,960,allin,830
20180326011322,1,18,Flop,cat4,0,0,SB,3296,960,allin,666
20180326011322,1,19,Flop,basic_b,0,0,2,3668,960,allin,372
20180326011322,1,20,Flop,random_b,0,0,4,4040,960,allin,372
20180326011322,2,1,Deal,basic_b,1000,1,1,30,0,fold,0
20180326011322,2,2,Deal,basic_c,960,0,2,70,40,raise,40
20180326011322,2,3,Deal,random_b,1000,1,3,70,0,fold,0
20180326011322,2,4,Deal,random_a,960,1,4,110,40,call,40
20180326011322,2,5,Deal,cat9,960,0,5,150,40,call,40
20180326011322,2,6,Deal,cat4,5000,1,D,190,40,call,40
20180326011322,2,7,Deal,tomas2,920,0,SB,220,40,call,30
20180326011322,2,8,Deal,basic_a,960,0,BB,240,40,call,20
20180326011322,2,9,Flop,tomas2,920,0,SB,240,0,fold,0
20180326011322,2,10,Flop,basic_a,960,0,BB,240,0,check,0
20180326011322,2,11,Flop,basic_c,960,0,2,240,0,check,0
20180326011322,2,12,Flop,random_a,960,1,4,240,0,check,0
20180326011322,2,13,Flop,cat9,960,0,5,240,0,fold,0
20180326011322,2,14,Flop,cat4,4980,1,D,260,20,bet,20
20180326011322,2,15,Flop,basic_a,940,0,BB,280,20,call,20
20180326011322,2,16,Flop,basic_c,940,0,2,300,20,call,20
20180326011322,2,17,Flop,random_a,940,1,4,320,20,call,20
20180326011322,2,18,Turn,basic_a,940,0,BB,320,0,check,0
20180326011322,2,19,Turn,basic_c,940,0,2,320,0,check,0
20180326011322,2,20,Turn,random_a,940,1,4,320,0,check,0
20180326011322,2,21,Turn,cat4,4960,1,D,340,20,bet,20
20180326011322,2,22,Turn,basic_a,920,0,BB,360,20,call,20
20180326011322,2,23,Turn,basic_c,920,0,2,380,20,call,20
20180326011322,2,24,Turn,random_a,920,1,4,400,20,call,20
20180326011322,2,25,River,basic_a,900,0,BB,420,20,bet,20
20180326011322,2,26,River,basic_c,900,0,2,440,20,call,20
20180326011322,2,27,River,random_a,881,1,4,479,39,bet,39
20180326011322,2,28,River,cat4,4882,1,D,557,78,raise,78
20180326011322,2,29,River,basic_a,900,0,BB,557,20,fold,0
20180326011322,2,30,River,basic_c,842,0,2,615,78,call,58
20180326011322,2,31,River,random_a,824,1,4,672,96,bet,57
20180326011322,2,32,River,cat4,4831,1,D,723,129,bet,51
20180326011322,2,33,River,basic_c,791,0,2,774,129,call,51
20180326011322,2,34,River,random_a,791,1,4,807,129,call,33
20180326011322,3,1,Deal,basic_c,1558,0,1,70,40,raise,40
20180326011322,3,2,Deal,random_b,960,1,2,110,40,call,40
20180326011322,3,3,Deal,random_a,738,1,3,163,53,bet,53
20180326011322,3,4,Deal,cat9,907,0,4,216,53,call,53
20180326011322,3,5,Deal,cat4,5778,2,5,269,53,call,53
20180326011322,3,6,Deal,tomas2,867,0,D,322,53,call,53
20180326011322,3,7,Deal,basic_a,890,0,SB,322,10,fold,0
20180326011322,3,8,Deal,basic_b,894,1,BB,408,106,raise,86
20180326011322,3,9,Deal,basic_c,1386,0,1,580,212,raise,172
20180326011322,3,10,Deal,random_b,0,1,2,1540,1000,allin,960
20180326011322,3,11,Deal,random_a,0,1,3,2278,791,allin,738
20180326011322,3,12,Deal,cat9,0,0,4,3185,960,allin,907
20180326011322,3,13,Deal,cat4,4831,2,5,4132,1000,call,947
20180326011322,3,14,Deal,tomas2,0,0,D,4999,920,allin,867
20180326011322,3,15,Deal,basic_b,0,1,BB,5893,1000,allin,894
20180326011322,3,16,Deal,basic_c,0,0,1,7279,1598,allin,1386
20180326011322,3,17,Deal,cat4,4233,2,5,7877,1598,call,598
20180326011322,4,1,Deal,random_b,943,2,1,87,57,bet,57
20180326011322,4,2,Deal,random_a,0,2,2,1087,1000,allin,1000
20180326011322,4,3,Deal,cat9,1000,1,3,1087,0,fold,0
20180326011322,4,4,Deal,cat4,11110,2,4,2087,1000,call,1000
20180326011322,4,5,Deal,tomas2,1000,1,5,2087,0,fold,0
20180326011322,4,6,Deal,basic_a,890,0,D,2087,0,fold,0
20180326011322,4,7,Deal,basic_b,990,2,SB,2087,10,fold,0
20180326011322,4,8,Deal,basic_c,980,1,BB,2087,20,fold,0
20180326011322,4,9,Deal,random_b,0,2,1,3030,1000,allin,943
20180326011322,5,1,Deal,cat4,14140,2,1,30,0,fold,0
20180326011322,5,2,Deal,tomas2,1000,1,2,30,0,fold,0
20180326011322,5,3,Deal,basic_a,870,0,3,50,20,call,20
20180326011322,5,4,Deal,basic_b,990,2,D,50,0,fold,0
20180326011322,5,5,Deal,basic_c,960,1,SB,60,20,call,10
20180326011322,5,6,Deal,cat9,980,1,BB,60,20,call,0
20180326011322,5,7,Flop,basic_c,940,1,SB,80,20,bet,20
20180326011322,5,8,Flop,cat9,960,1,BB,100,20,call,20
20180326011322,5,9,Flop,basic_a,870,0,3,100,0,fold,0
20180326011322,5,10,Turn,basic_c,940,1,SB,100,0,check,0
20180326011322,5,11,Turn,cat9,930,1,BB,130,30,bet,30
20180326011322,5,12,Turn,basic_c,940,1,SB,130,0,fold,0
20180326011322,6,1,Deal,tomas2,1000,1,1,30,0,fold,0
20180326011322,6,2,Deal,basic_a,850,0,2,50,20,call,20
20180326011322,6,3,Deal,basic_b,990,2,3,50,0,fold,0
20180326011322,6,4,Deal,basic_c,940,1,D,50,0,fold,0
20180326011322,6,5,Deal,cat9,1040,1,SB,60,20,call,10
20180326011322,6,6,Deal,cat4,14120,2,BB,60,20,call,0
20180326011322,6,7,Flop,cat9,1010,1,SB,90,30,bet,30
20180326011322,6,8,Flop,cat4,14120,2,BB,90,0,fold,0
20180326011322,6,9,Flop,basic_a,820,0,2,120,30,call,30
20180326011322,6,10,Turn,cat9,980,1,SB,150,30,bet,30
20180326011322,6,11,Turn,basic_a,790,0,2,180,30,call,30
20180326011322,6,12,River,cat9,950,1,SB,210,30,bet,30
20180326011322,6,13,River,basic_a,760,0,2,240,30,call,30
20180326011322,7,1,Deal,basic_a,680,0,1,140,80,raise,80
20180326011322,7,2,Deal,basic_b,910,2,2,220,80,call,80
20180326011322,7,3,Deal,basic_c,780,1,3,380,160,raise,160
20180326011322,7,4,Deal,cat9,1190,1,D,380,0,fold,0
20180326011322,7,5,Deal,cat4,13960,2,SB,520,160,call,140
20180326011322,7,6,Deal,tomas2,840,1,BB,640,160,call,120
20180326011322,7,7,Deal,basic_a,440,0,1,880,320,raise,240
20180326011322,7,8,Deal,basic_b,670,2,2,1120,320,call,240
20180326011322,7,9,Deal,basic_c,620,1,3,1280,320,call,160
20180326011322,7,10,Deal,cat4,13800,2,SB,1440,320,call,160
20180326011322,7,11,Deal,tomas2,680,1,BB,1600,320,call,160
20180326011322,7,12,Flop,cat4,13642,2,SB,1758,158,bet,158
20180326011322,7,13,Flop,tomas2,522,1,BB,1916,158,call,158
20180326011322,7,14,Flop,basic_a,124,0,1,2232,316,raise,316
20180326011322,7,15,Flop,basic_b,670,2,2,2232,0,fold,0
20180326011322,7,16,Flop,basic_c,620,1,3,2232,0,fold,0
20180326011322,7,17,Flop,cat4,13168,2,SB,2706,632,raise,474
20180326011322,7,18,Flop,tomas2,522,1,BB,2706,158,fold,0
20180326011322,7,19,Flop,basic_a,0,0,1,2830,440,allin,124
20180326011322,8,1,Deal,basic_b,590,2,1,140,80,raise,80
20180326011322,8,2,Deal,basic_c,460,1,2,300,160,raise,160
20180326011322,8,3,Deal,cat9,1030,1,3,460,160,call,160
20180326011322,8,4,Deal,cat4,13200,2,D,620,160,call,160
20180326011322,8,5,Deal,tomas2,362,1,SB,760,160,call,140
20180326011322,8,6,Deal,basic_a,2598,0,BB,760,40,fold,0
20180326011322,8,7,Deal,basic_b,350,2,1,1000,320,raise,240
20180326011322,8,8,Deal,basic_c,300,1,2,1160,320,call,160
20180326011322,8,9,Deal,cat9,870,1,3,1320,320,call,160
20180326011322,8,10,Deal,cat4,13040,2,D,1480,320,call,160
20180326011322,8,11,Deal,tomas2,202,1,SB,1640,320,call,160
20180326011322,8,12,Flop,tomas2,202,1,SB,1640,0,check,0
20180326011322,8,13,Flop,basic_b,350,2,1,1640,0,check,0
20180326011322,8,14,Flop,basic_c,300,1,2,1640,0,check,0
20180326011322,8,15,Flop,cat9,870,1,3,1640,0,fold,0
20180326011322,8,16,Flop,cat4,12518,2,D,2162,522,bet,522
20180326011322,8,17,Flop,tomas2,0,1,SB,2364,202,allin,202
20180326011322,8,18,Flop,basic_b,0,2,1,2714,350,allin,350
20180326011322,8,19,Flop,basic_c,300,1,2,2714,0,fold,0
20180326011322,9,1,Deal,cat9,870,1,1,60,0,fold,0
20180326011322,9,2,Deal,cat4,15232,2,2,60,0,fold,0
20180326011322,9,3,Deal,tomas2,1000,2,D,60,0,fold,0
20180326011322,9,4,Deal,basic_a,2578,0,SB,60,20,fold,0
20180326011322,9,5,Deal,basic_c,260,1,BB,60,40,call,0
20180326011322,10,1,Deal,cat4,15232,2,1,60,0,fold,0
20180326011322,10,2,Deal,tomas2,960,2,2,100,40,call,40
20180326011322,10,3,Deal,basic_a,2498,0,D,180,80,raise,80
20180326011322,10,4,Deal,basic_c,300,1,SB,180,20,fold,0
20180326011322,10,5,Deal,cat9,790,1,BB,220,80,call,40
20180326011322,10,6,Deal,tomas2,920,2,2,260,80,call,40
20180326011322,10,7,Flop,cat9,790,1,BB,260,0,fold,0
20180326011322,10,8,Flop,tomas2,920,2,2,260,0,check,0
20180326011322,10,9,Flop,basic_a,2458,0,D,300,40,bet,40
20180326011322,10,10,Flop,tomas2,880,2,2,340,40,call,40
20180326011322,10,11,Turn,tomas2,880,2,2,340,0,check,0
20180326011322,10,12,Turn,basic_a,2458,0,D,340,0,check,0
20180326011322,10,13,River,tomas2,0,2,2,1220,880,allin,880
20180326011322,10,14,River,basic_a,2458,0,D,1220,0,fold,0
20180326011322,11,1,Deal,tomas2,1180,2,1,100,40,call,40
20180326011322,11,2,Deal,basic_a,2418,0,2,140,40,call,40
20180326011322,11,3,Deal,basic_c,300,1,D,140,0,fold,0
20180326011322,11,4,Deal,cat9,750,1,SB,160,40,call,20
20180326011322,11,5,Deal,cat4,15192,2,BB,160,40,call,0
20180326011322,11,6,Flop,cat9,700,1,SB,210,50,bet,50
20180326011322,11,7,Flop,cat4,15192,2,BB,210,0,fold,0
20180326011322,11,8,Flop,tomas2,1130,2,1,260,50,call,50
20180326011322,11,9,Flop,basic_a,2418,0,2,260,0,fold,0
20180326011322,11,10,Turn,cat9,650,1,SB,310,50,bet,50
20180326011322,11,11,Turn,tomas2,1020,2,1,420,110,bet,110
20180326011322,11,12,Turn,cat9,480,1,SB,590,220,raise,170
20180326011322,11,13,Turn,tomas2,825,2,1,785,305,bet,195
20180326011322,11,14,Turn,cat9,90,1,SB,1175,610,raise,390
20180326011322,11,15,Turn,tomas2,0,2,1,2000,1130,allin,825
20180326011322,11,16,Turn,cat9,0,1,SB,2090,700,allin,90
20180326011322,12,1,Deal,basic_a,2258,0,1,280,160,raise,160
20180326011322,12,2,Deal,basic_c,300,1,2,280,0,fold,0
20180326011322,12,3,Deal,cat9,1500,1,D,440,160,call,160
20180326011322,12,4,Deal,cat4,15032,2,SB,560,160,call,120
20180326011322,12,5,Deal,tomas2,270,2,BB,640,160,call,80
20180326011322,12,6,Flop,cat4,14869,2,SB,803,163,bet,163
20180326011322,12,7,Flop,tomas2,107,2,BB,966,163,call,163
20180326011322,12,8,Flop,basic_a,1932,0,1,1292,326,raise,326
20180326011322,12,9,Flop,cat9,1500,1,D,1292,0,fold,0
20180326011322,12,10,Flop,cat4,14380,2,SB,1781,652,raise,489
20180326011322,12,11,Flop,tomas2,0,2,BB,1888,270,allin,107
20180326011322,12,12,Flop,basic_a,954,0,1,2866,1304,raise,978
20180326011322,12,13,Flop,cat4,12424,2,SB,4822,2608,raise,1956
20180326011322,12,14,Flop,basic_a,0,0,1,5776,2258,allin,954
