﻿round_id,turn,N,Nnf,roundName,first,hole,board,Nsim,prWin,prWinStd,chips,reld,chips_total,pot,bet,cost_on_table,cost_to_call,cost_total,maxBet_all,N_maxBet_all,prWin_adj,limitBet,util_fold,util_call,util_raise_coeff,action,amount,cputime
1,0,8,6,deal,False,♣3 ♥7,,60000,0.08258796296296278,0.2515695794919438,1000,0,3000,0,0,0,66,66,66,1,0.1940676183220657,85.15650668181856,0,-34.56104583182535,-0.6118647633558686,fold,0,0.395557165145874
2,0,8,8,deal,False,♠10 ♠Q,,60000,0.21475648148148424,0.37647439159115315,1000,0,3000,0,0,0,20,20,20,3,0.38312433565076476,190.6699083722335,0,14.481190208568826,-0.23375132869847048,check,0,0.39396190643310547
2,1,8,8,deal,False,♠10 ♠Q,,60000,0.21475648148148424,0.37647439159115315,980,0,2980,0,20,20,60,80,80,5,0.38312433565076476,189.39877564975194,0,146.88714125141297,-0.23375132869847048,check,0,0.3832972049713135
2,2,8,6,flop,False,♠10 ♠Q,♣6 ♣K ♦K,1115,0.06995515695067264,0.24601031324374345,920,0,2920,80,0,80,60,140,60,1,0.17629323339495093,122.97195487025705,0,68.69406037831416,-0.6474135332100981,check,0,1.322835922241211
2,3,8,5,turn,False,♠10 ♠Q,♣6 ♣K ♦K ♦4,1153,0.02992194275802255,0.168452198214002,860,0,2860,140,0,140,77,217,77,1,0.10372375327830108,104.5450175162329,0,33.362073488112344,-0.7925524934433978,check,0,1.3361899852752686
2,4,8,5,river,False,♠10 ♠Q,♣6 ♣K ♦K ♦4 ♥Q,898,0.3658129175946548,0.47904932834397196,783,0,2783,217,0,217,100,317,100,1,0.6177352912637268,1162.2804171020673,0,823.5142604392717,0.23547058252745368,bet,0,1.3116638660430908
2,5,8,4,river,False,♠10 ♠Q,♣6 ♣K ♦K ♦4 ♥Q,1890,0.39444444444444443,0.48506349699800083,683,0,2683,217,100,317,300,617,400,1,0.6500665709558151,1223.4870846104054,0,1302.4140974060842,0.3001331419116302,bet,924,1.3055779933929443
3,0,8,7,deal,False,♥Q ♦K,,60000,0.20383750000000875,0.36108282026239463,1000,1,2000,0,0,0,20,20,20,1,0.37102007028526457,122.00023181520272,0,-1.448996485736771,-0.25795985942947086,fold,0,0.4285428524017334
4,0,8,8,deal,False,♠7 ♠8,,60000,0.16457916666666533,0.34456221877279425,1000,1,2000,0,0,0,20,20,20,1,0.3203152938479888,101.60010809709527,0,-3.98423530760056,-0.3593694123040224,fold,0,0.4307739734649658
5,0,8,3,deal,False,♦7 ♣6,,60000,0.12009166666666479,0.299605771499719,980,1,1980,0,20,20,20,40,40,2,0.2582458632149951,77.81972467409,-20,10.989503585799412,-0.4835082735700098,check,0,0.3956120014190674
5,1,8,3,flop,False,♦7 ♣6,♦K ♣4 ♣K,1071,0.0573062558356676,0.2273606054134024,960,1,1960,40,0,40,20,60,20,1,0.1515871155679516,69.96488979349458,0,4.253938490872255,-0.6968257688640969,check,0,1.3248450756072998
5,2,8,2,turn,False,♦7 ♣6,♦K ♣4 ♣K ♦Q,1087,0.0078196872125115,0.08034462335666732,940,1,1940,60,0,60,20,80,20,1,0.04431313403931629,29.35189974782391,0,-11.137373192136742,-0.9113737319213674,fold,0,1.316070795059204
6,0,8,5,deal,False,♠K ♥3,,60000,0.11766250000000036,0.2891020804864817,930,1,1930,0,10,10,589,599,599,2,0.25621196724449913,75.15928981560324,-10,-118.33861617185511,-0.48757606551100174,fold,0,0.3984708786010742
7,0,8,6,deal,False,♥K ♥8,,60000,0.18033194444444545,0.35186000046087185,930,1,1930,0,0,0,23,23,23,3,0.3475736526091358,108.4371310069462,0,19.40398561831457,-0.3048526947817284,check,0,0.3988759517669678
7,1,8,6,flop,False,♥K ♥8,♣9 ♦10 ♥10,868,0.09202188940092165,0.27978478106287785,907,1,1907,23,0,23,42,65,42,1,0.20828509161764308,96.71462727323211,0,16.944680927792994,-0.5834298167647138,check,0,1.3009207248687744
7,2,8,4,flop,False,♥K ♥8,♣9 ♦10 ♥10,1863,0.09189926641617463,0.27754328189713884,865,1,1865,23,42,65,865,930,977,1,0.208092825250345,94.48623601667514,0,-400.53681404122995,-0.58381434949931,fold,0,1.293503999710083
8,0,8,7,deal,False,♥5 ♦9,,60000,0.09849490740740643,0.2702606649946001,865,1,1865,0,0,0,57,57,57,3,0.2296072740875195,64.00480961713883,0,2.2386767145800306,-0.5407854518249611,check,0,0.4039490222930908
8,1,8,4,deal,False,♥5 ♦9,,60000,0.09849490740740643,0.2702606649946001,808,1,1808,0,57,57,57,114,114,3,0.2296072740875195,62.04863044921555,0,67.67674982952309,-0.5407854518249611,check,0,0.39025092124938965
8,2,8,4,flop,False,♥5 ♦9,♠Q ♥A ♣10,1108,0.01049187725631769,0.09389609880524398,751,1,1751,114,0,114,53,167,53,1,0.05140055872441572,20.06395211556075,0,-18.356023419743806,-0.8971988825511685,fold,0,1.3298389911651611
9,0,8,7,deal,False,♠10 ♣8,,60000,0.1416351851851828,0.31770153218256836,751,1,1751,0,0,0,601,601,601,2,0.2933090621198954,79.97476753521252,0,-54.56521727063489,-0.41338187576020924,fold,0,0.4040100574493408
10,0,6,6,deal,False,♦10 ♣J,,60000,0.2307108465608323,0.3500435894751926,751,1,1751,0,0,0,40,40,40,1,0.4160774479652579,123.93463858507587,0,1.6077447965257932,-0.16784510406948416,check,0,0.46631312370300293
10,1,6,6,deal,False,♦10 ♣J,,60000,0.2307108465608323,0.3500435894751926,711,1,1711,0,40,40,40,80,80,4,0.4160774479652579,121.10346465966009,0,143.0740771047135,-0.16784510406948416,check,0,0.35188984870910645
10,2,6,6,flop,False,♦10 ♣J,♥2 ♦5 ♣9,1091,0.10219981668194317,0.29948737204229275,671,1,1671,80,0,80,109,189,109,1,0.22848647473538702,94.12446898447254,0,61.90788310206949,-0.543027050529226,check,0,1.328678846359253
10,3,6,6,flop,False,♦10 ♣J,♥2 ♦5 ♣9,2208,0.10529891304347826,0.30415897552122784,562,1,1562,80,109,189,562,751,872,1,0.2332645886406563,90.09184776215879,0,113.30098411469999,-0.5334708227186874,check,0,1.320537805557251
11,0,5,3,deal,False,♦8 ♦3,,60000,0.17480753968251547,0.31564167723236314,980,2,980,0,20,20,20,40,40,2,0.34002158408733396,53.57747805257405,-20,20.802590090480074,-0.3199568318253321,check,0,0.36488986015319824
11,1,5,3,flop,True,♦8 ♦3,♦5 ♠7 ♣K,398,0.05150753768844221,0.2167258386514242,960,2,960,40,0,40,40,80,0,5,0.14505192164972353,32.668924563134,0,-16.791692536044238,-0.709896156700553,fold,0,1.273324966430664
12,0,5,5,deal,False,♥2 ♣2,,60000,0.18202552910049533,0.33310412685624496,960,2,960,0,0,0,80,80,80,2,0.3479477229438981,54.010075947099175,0,24.38431688316942,-0.30410455411220383,check,0,0.36788487434387207
12,1,5,4,deal,False,♥2 ♣2,,60000,0.18202552910049533,0.33310412685624496,880,2,880,0,80,80,80,160,160,3,0.3479477229438981,49.50923628484091,0,156.6044516018507,-0.30410455411220383,check,0,0.33534908294677734
12,2,5,4,flop,False,♥2 ♣2,♦8 ♥8 ♥3,1044,0.0792624521072797,0.2689820139697037,800,2,800,160,0,160,50,210,50,1,0.1949931047581182,37.68015987636776,0,102.0946217113322,-0.6100137904837636,check,0,1.3144910335540771
12,3,5,4,turn,False,♥2 ♣2,♦8 ♥8 ♥3 ♣10,1026,0.038011695906432746,0.19122449341219244,750,2,750,210,0,210,50,260,50,1,0.12171448051458378,32.492108771054724,0,69.2801909042921,-0.7565710389708324,check,0,1.3305199146270752
12,4,5,4,river,False,♥2 ♣2,♦8 ♥8 ♥3 ♣10 ♥10,913,0.0,0.0,700,2,700,260,0,260,40,300,40,3,0.0,-0.0,0,-40.0,-1.0,fold,0,1.3063161373138428
13,0,5,5,deal,False,♥A ♣J,,60000,0.3042216931215372,0.3582911394152179,700,2,700,0,0,0,40,40,40,2,0.4997544221060779,63.78970185784335,0,29.965619094850908,-0.0004911557878441997,check,0,0.3918180465698242
13,1,5,5,deal,False,♥A ♣J,,60000,0.3042216931215372,0.3582911394152179,660,2,660,0,40,40,280,320,320,2,0.4997544221060779,60.144576037395154,0,319.7053065272935,-0.0004911557878441997,check,0,0.36267805099487305
13,2,5,5,deal,False,♥A ♣J,,60000,0.3042216931215372,0.3582911394152179,380,2,380,0,320,320,320,640,640,3,0.4997544221060779,34.62869529425782,0,1119.2927356655043,-0.0004911557878441997,check,0,0.3471870422363281
13,3,5,4,flop,False,♥A ♣J,♥10 ♣Q ♣2,1042,0.2041746641074856,0.39175279976118677,60,2,60,640,0,640,40,680,40,1,0.3785374184694406,6.197550457525326,0,1201.6027325797652,-0.24292516306111878,check,0,1.3316099643707275
13,4,5,4,turn,True,♥A ♣J,♥10 ♣Q ♣2 ♦6,1148,0.08144599303135888,0.2723219292417801,20,2,20,680,0,680,20,700,0,5,0.20226028123319828,1.508632154415801,0,663.6397505682102,-0.5954794375336034,check,0,1.3315520286560059
13,5,5,4,river,False,♥A ♣J,♥10 ♣Q ♣2 ♦6 ♦K,1051,0.9785918173168411,0.10122144563176297,20,2,20,680,0,680,20,700,40,1,1.0494204391863553,,0,3569.017902017335,1.0988408783727106,allin,0,1.3277201652526855
14,0,5,5,deal,False,♠3 ♦3,,60000,0.19528187830683608,0.3330596083823966,3440,2,3440,0,0,0,80,80,80,1,0.36177724526159494,203.23818425601672,0,-7.644550947681012,-0.2764455094768101,fold,0,0.38289594650268555
15,0,5,4,deal,False,♣3 ♠2,,60000,0.11985912698413351,0.2649202543370095,3360,2,3360,0,80,80,80,160,160,3,0.2578977377863525,131.8502958568936,-80,85.0545521832656,-0.484204524427295,check,0,0.37476491928100586
15,1,5,4,flop,False,♣3 ♠2,♠Q ♠9 ♦4,911,0.021405049396267837,0.1359303493143975,3280,2,3280,160,0,160,90,250,90,1,0.08497374825704526,63.248971468033666,0,-20.321526429222885,-0.8300525034859094,fold,0,1.3213739395141602
16,0,5,4,deal,False,♠10 ♥K,,60000,0.2800017195765992,0.3519825441855798,3240,2,3240,0,40,40,120,160,160,2,0.4730716030315987,273.1040930425918,-40,144.92009769769527,-0.05385679393680265,check,0,0.3712172508239746
16,1,5,4,flop,True,♠10 ♥K,♣7 ♠4 ♣3,385,0.03896103896103896,0.19350213539936806,3120,2,3120,160,0,160,80,240,0,5,0.12464368146547146,90.19160134116377,0,-0.22804386209826077,-0.7507126370690571,fold,0,1.2601680755615234
17,0,5,4,deal,False,♠8 ♣Q,,60000,0.2228063492062726,0.3229527043661896,3120,2,3120,0,0,0,80,80,80,2,0.3996613454396584,209.45084451481267,0,31.90517672310436,-0.20067730912068316,check,0,0.38085389137268066
17,1,5,4,deal,False,♠8 ♣Q,,60000,0.2228063492062726,0.3229527043661896,3040,2,3040,0,80,80,80,160,160,2,0.3996613454396584,204.08031004007387,0,143.81035344620872,-0.20067730912068316,check,0,0.3505711555480957
17,2,5,3,flop,False,♠8 ♣Q,♦9 ♠6 ♣6,1117,0.04174127126230976,0.17855258321374723,2960,2,2960,160,0,160,80,240,80,2,0.13084399202321875,90.1353499155821,0,35.142712980432506,-0.7383120159535626,check,0,1.324411153793335
17,3,5,3,turn,False,♠8 ♣Q,♦9 ♠6 ♣6 ♥Q,1149,0.21032782129387873,0.3784440517030159,2880,2,2880,240,0,240,90,330,90,1,0.39658573005791,485.6361051962073,0,330.3808738613846,-0.20682853988418004,check,0,1.321329116821289
17,4,5,3,river,False,♠8 ♣Q,♦9 ♠6 ♣6 ♥Q ♦8,734,0.2779291553133515,0.445691533697818,2790,2,2790,330,0,330,90,420,90,1,0.49830311863388754,835.7684901298975,0,572.7431477830704,-0.003393762732224914,check,0,1.2937116622924805
18,0,5,4,deal,False,♣Q ♣9,,60000,0.28064722222211347,0.36205468759806836,4120,2,4120,0,0,0,80,80,80,1,0.4693597043387729,343.4755422573089,0,13.871940867754574,-0.061280591322454225,check,0,0.3915069103240967
18,1,5,4,deal,False,♣Q ♣9,,60000,0.28064722222211347,0.36205468759806836,4040,2,4040,0,80,80,80,160,160,1,0.4693597043387729,336.8061142523126,0,145.29265808261098,-0.061280591322454225,check,0,0.3561840057373047
18,2,5,4,flop,True,♣Q ♣9,♠Q ♥3 ♥9,1236,0.5275080906148867,0.49571904525965066,3960,2,3960,160,0,160,80,240,0,5,0.7509030218336943,1195.1904510306863,0,460.6501757202599,0.5018060436673886,raise,0,1.3449599742889404
18,3,5,3,turn,True,♣Q ♣9,♠Q ♥3 ♥9 ♥2,978,0.40797546012269936,0.48832775816841956,3880,2,3880,240,0,240,80,320,0,5,0.6343275381923326,1302.969227500728,0,528.9544366646393,0.2686550763846651,raise,0,1.314598798751831
18,4,5,3,turn,False,♣Q ♣9,♠Q ♥3 ♥9 ♥2,2024,0.41304347826086957,0.4893609470008429,3800,2,3800,240,80,320,80,400,160,1,0.6398201942780615,1295.3017528994153,0,738.9698486759187,0.27964038855612294,bet,0,1.3228259086608887
18,5,5,3,river,True,♣Q ♣9,♠Q ♥3 ♥9 ♥2 ♥10,960,0.021875,0.14627537173085567,3720,2,3720,400,0,400,80,480,0,5,0.09403179597270583,159.5398040849108,0,55.40578620069641,-0.8119364080545883,check,0,1.3065731525421143
19,0,5,5,deal,False,♣3 ♠7,,60000,0.13560714285715017,0.2727197311425249,3720,2,3720,0,0,0,160,160,160,1,0.27769107393085324,159.20803764499726,0,-48.9235704276587,-0.4446178521382935,fold,0,0.3869209289550781
20,0,5,2,deal,False,♦9 ♠J,,60000,0.24064166666658418,0.3377183311492144,3560,2,3560,0,160,160,0,160,160,2,0.4201803704876335,255.2770580460677,-160,134.45771855604272,-0.15963925902473297,check,0,0.3705580234527588
20,1,5,2,flop,False,♦9 ♠J,♣A ♣8 ♠4,1003,0.04636091724825524,0.2084797972714505,3560,2,3560,160,0,160,170,330,170,1,0.14105372051986206,117.54051486900327,0,-76.90454445689103,-0.7178925589602758,fold,0,1.3169097900390625
21,0,5,4,deal,False,♠3 ♥8,,60000,0.13243214285715,0.2669268016338639,3480,2,3480,0,80,80,560,640,640,1,0.27310053599807593,146.03601525552338,-80,-79.34305664338638,-0.45379892800384813,check,0,0.358928918838501
21,1,5,4,deal,False,♠3 ♥8,,60000,0.13243214285715,0.2669268016338639,2920,2,2920,0,640,640,1920,2560,2560,2,0.27310053599807593,122.53596682360009,0,526.9808025427606,-0.45379892800384813,check,0,0.35161900520324707
21,2,5,4,flop,True,♠3 ♥8,♦Q ♥9 ♠A,270,0.011111111111111112,0.10482201257840672,1000,2,1000,2560,0,2560,160,2720,0,5,0.05841873796213659,13.071096383569726,0,447.5548748062206,-0.8831625240757268,check,0,1.2655763626098633
21,3,5,4,flop,False,♠3 ♥8,♦Q ♥9 ♠A,1405,0.010676156583629894,0.10277244895511493,1000,2,1000,2560,0,2560,320,2880,320,2,0.057058786969570376,12.757691092802846,0,328.1878199743195,-0.8858824260608592,check,0,1.3297877311706543
21,4,5,4,flop,False,♠3 ♥8,♦Q ♥9 ♠A,2349,0.008939974457215836,0.09412784558206017,680,2,680,2560,320,2880,340,3220,660,2,0.05142117554802908,7.795035338598429,0,319.21947052573285,-0.8971576489039419,check,0,1.2998459339141846
21,5,5,4,turn,True,♠3 ♥8,♦Q ♥9 ♠A ♣2,570,0.0,0.0,340,2,340,3220,0,3220,160,3380,0,5,0.0,-0.0,0,-160.0,-1.0,fold,0,1.2803521156311035
22,0,5,3,deal,False,♣Q ♦J,,60000,0.28046507936496473,0.35511580699046946,340,2,340,0,0,0,160,160,160,1,0.4646479308205749,27.949632392860778,0,25.85917232822996,-0.07070413835885025,check,0,0.38171815872192383
22,1,5,3,flop,False,♣Q ♦J,♠A ♦A ♠K,1113,0.0889487870619946,0.2650040601849745,180,2,180,160,0,160,20,180,20,1,0.21752915017954585,9.587864942335031,0,93.11515809336385,-0.5649416996409082,check,0,1.3178601264953613
22,2,5,3,turn,True,♣Q ♦J,♠A ♦A ♠K ♦K,979,0.09448416751787539,0.23809723646482286,160,2,160,180,0,180,160,340,0,5,0.2327299503158783,14.149005572143075,0,2.910965221114793,-0.5345400993682434,check,0,1.333249807357788
22,3,5,3,river,False,♣Q ♦J,♠A ♦A ♠K ♦K ♣3,895,0.1452513966480447,0.2818051384464918,160,2,160,180,0,180,160,340,160,1,0.3215456955359034,26.956703648228782,0,116.52929816087692,-0.3569086089281932,check,0,1.3056221008300781
23,0,5,4,deal,False,♠Q ♣2,,60000,0.17135410052906772,0.2942248030504062,860,2,860,0,0,0,160,160,160,1,0.3239654268767982,44.2973073112653,0,-30.413829249280724,-0.3520691462464036,fold,0,0.3748159408569336
24,0,5,5,deal,False,♥4 ♠4,,60000,0.2116621693121065,0.33350206948518196,860,2,860,0,0,0,320,320,320,1,0.37505680589198925,53.18859066578033,0,-19.954555286408606,-0.2498863882160215,fold,0,0.3910369873046875
25,0,5,3,deal,False,♥5 ♠Q,,60000,0.19232301587296416,0.30769475544122515,540,2,540,0,320,320,320,640,640,2,0.3480025701767991,30.386643838356484,-320,348.1649347394542,-0.3039948596464018,check,0,0.368366003036499
25,1,5,3,flop,False,♥5 ♠Q,♦9 ♠8 ♣9,706,0.034879603399433426,0.16774224839759955,220,2,220,640,0,640,220,860,330,1,0.11740227849307384,5.966091785673782,0,69.98362787789239,-0.7651954430138523,check,0,1.284989356994629
