﻿game_id,round_id,turn_id,roundName,playerName,chips,reloadCount,position,pot,bet,action,amount
20180325084855,1,1,Deal,basic_b,960,0,1,70,40,raise,40
20180325084855,1,2,Deal,basic_a,920,0,2,150,80,raise,80
20180325084855,1,3,Deal,random_a,920,0,3,230,80,call,80
20180325084855,1,4,Deal,tomas2,1000,0,4,230,0,fold,0
20180325084855,1,5,Deal,random_b,920,0,5,310,80,call,80
20180325084855,1,6,Deal,cat9,1000,0,D,310,0,fold,0
20180325084855,1,7,Deal,cat4,920,0,SB,380,80,call,70
20180325084855,1,8,Deal,basic_c,920,0,BB,440,80,call,60
20180325084855,1,9,Deal,basic_b,920,0,1,480,80,call,40
20180325084855,1,10,Flop,cat4,874,0,SB,526,46,bet,46
20180325084855,1,11,Flop,basic_c,828,0,BB,618,92,raise,92
20180325084855,1,12,Flop,basic_b,828,0,1,710,92,call,92
20180325084855,1,13,Flop,basic_a,920,0,2,710,0,fold,0
20180325084855,1,14,Flop,random_a,0,0,3,1630,920,allin,920
20180325084855,1,15,Flop,random_b,0,0,5,2550,920,allin,920
20180325084855,1,16,Flop,cat4,874,0,SB,2550,46,fold,0
20180325084855,1,17,Flop,basic_c,828,0,BB,2550,92,fold,0
20180325084855,1,18,Flop,basic_b,828,0,1,2550,92,fold,0
20180325084855,2,1,Deal,basic_a,880,0,1,70,40,raise,40
20180325084855,2,2,Deal,random_a,2510,0,2,110,40,call,40
20180325084855,2,3,Deal,tomas2,920,0,3,190,80,raise,80
20180325084855,2,4,Deal,random_b,920,1,4,270,80,call,80
20180325084855,2,5,Deal,cat9,1000,0,5,270,0,fold,0
20180325084855,2,6,Deal,cat4,1794,1,D,350,80,call,80
20180325084855,2,7,Deal,basic_c,818,0,SB,350,10,fold,0
20180325084855,2,8,Deal,basic_b,808,0,BB,350,20,fold,0
20180325084855,2,9,Deal,basic_a,840,0,1,390,80,call,40
20180325084855,2,10,Deal,random_a,2470,0,2,430,80,call,40
20180325084855,2,11,Flop,basic_a,820,0,1,450,20,bet,20
20180325084855,2,12,Flop,random_a,2470,0,2,450,0,fold,0
20180325084855,2,13,Flop,tomas2,900,0,3,470,20,call,20
20180325084855,2,14,Flop,random_b,900,1,4,490,20,call,20
20180325084855,2,15,Flop,cat4,1751,1,D,533,43,bet,43
20180325084855,2,16,Flop,basic_a,754,0,1,599,86,raise,66
20180325084855,2,17,Flop,tomas2,834,0,3,665,86,call,66
20180325084855,2,18,Flop,random_b,834,1,4,731,86,call,66
20180325084855,2,19,Flop,cat4,1622,1,D,860,172,raise,129
20180325084855,2,20,Flop,basic_a,496,0,1,1118,344,raise,258
20180325084855,2,21,Flop,tomas2,576,0,3,1376,344,call,258
20180325084855,2,22,Flop,random_b,576,1,4,1634,344,call,258
20180325084855,2,23,Flop,cat4,1106,1,D,2150,688,raise,516
20180325084855,2,24,Flop,basic_a,152,0,1,2494,688,call,344
20180325084855,2,25,Flop,tomas2,232,0,3,2838,688,call,344
20180325084855,2,26,Flop,random_b,232,1,4,3182,688,call,344
20180325084855,2,27,Turn,basic_a,132,0,1,3202,20,bet,20
20180325084855,2,28,Turn,tomas2,212,0,3,3222,20,call,20
20180325084855,2,29,Turn,random_b,232,1,4,3222,0,fold,0
20180325084855,2,30,Turn,cat4,208,1,D,4120,898,bet,898
20180325084855,2,31,Turn,basic_a,0,0,1,4252,152,allin,132
20180325084855,2,32,Turn,tomas2,0,0,3,4464,232,allin,212
20180325084855,3,1,Deal,random_a,2450,0,1,50,20,call,20
20180325084855,3,2,Deal,tomas2,3798,0,2,50,0,fold,0
20180325084855,3,3,Deal,random_b,212,1,3,70,20,call,20
20180325084855,3,4,Deal,cat9,1000,0,4,70,0,fold,0
20180325084855,3,5,Deal,cat4,1854,2,5,90,20,call,20
20180325084855,3,6,Deal,basic_c,818,0,D,90,0,fold,0
20180325084855,3,7,Deal,basic_b,788,0,SB,100,20,call,10
20180325084855,3,8,Deal,basic_a,980,1,BB,100,20,call,0
20180325084855,3,9,Flop,basic_b,768,0,SB,120,20,bet,20
20180325084855,3,10,Flop,basic_a,980,1,BB,120,0,fold,0
20180325084855,3,11,Flop,random_a,2430,0,1,140,20,call,20
20180325084855,3,12,Flop,random_b,192,1,3,160,20,call,20
20180325084855,3,13,Flop,cat4,1791,2,5,223,63,bet,63
20180325084855,3,14,Flop,basic_b,768,0,SB,223,20,fold,0
20180325084855,3,15,Flop,random_a,2387,0,1,266,63,call,43
20180325084855,3,16,Flop,random_b,149,1,3,309,63,call,43
20180325084855,3,17,Turn,random_a,2387,0,1,309,0,check,0
20180325084855,3,18,Turn,random_b,149,1,3,309,0,check,0
20180325084855,3,19,Turn,cat4,1512,2,5,588,279,bet,279
20180325084855,3,20,Turn,random_a,2108,0,1,867,279,call,279
20180325084855,3,21,Turn,random_b,149,1,3,867,0,fold,0
20180325084855,3,22,River,random_a,2108,0,1,867,0,fold,0
20180325084855,3,23,River,cat4,1512,2,5,867,0,call,0
20180325084855,4,1,Deal,tomas2,3798,0,1,30,0,fold,0
20180325084855,4,2,Deal,random_b,94,1,2,85,55,bet,55
20180325084855,4,3,Deal,cat9,1000,0,3,85,0,fold,0
20180325084855,4,4,Deal,cat4,2324,2,4,140,55,call,55
20180325084855,4,5,Deal,basic_c,818,0,5,140,0,fold,0
20180325084855,4,6,Deal,basic_b,768,0,D,140,0,fold,0
20180325084855,4,7,Deal,basic_a,970,1,SB,140,10,fold,0
20180325084855,4,8,Deal,random_a,2035,0,BB,193,73,bet,53
20180325084855,4,9,Deal,random_b,94,1,2,193,55,fold,0
20180325084855,4,10,Deal,cat4,2306,2,4,211,73,call,18
20180325084855,4,11,Flop,random_a,1965,0,BB,281,70,bet,70
20180325084855,4,12,Flop,cat4,2306,2,4,281,0,fold,0
20180325084855,5,1,Deal,random_b,74,1,1,50,20,call,20
20180325084855,5,2,Deal,cat9,980,0,2,70,20,call,20
20180325084855,5,3,Deal,cat4,2306,2,3,70,0,fold,0
20180325084855,5,4,Deal,basic_c,778,0,4,110,40,raise,40
20180325084855,5,5,Deal,basic_b,688,0,5,190,80,raise,80
20180325084855,5,6,Deal,basic_a,970,1,D,190,0,fold,0
20180325084855,5,7,Deal,random_a,2166,0,SB,260,80,call,70
20180325084855,5,8,Deal,tomas2,3718,0,BB,320,80,call,60
20180325084855,5,9,Deal,random_b,74,1,1,320,20,fold,0
20180325084855,5,10,Deal,cat9,920,0,2,380,80,call,60
20180325084855,5,11,Deal,basic_c,738,0,4,420,80,call,40
20180325084855,5,12,Flop,random_a,2166,0,SB,420,0,check,0
20180325084855,5,13,Flop,tomas2,3698,0,BB,440,20,bet,20
20180325084855,5,14,Flop,cat9,920,0,2,440,0,fold,0
20180325084855,5,15,Flop,basic_c,698,0,4,480,40,raise,40
20180325084855,5,16,Flop,basic_b,648,0,5,520,40,call,40
20180325084855,5,17,Flop,random_a,2126,0,SB,560,40,call,40
20180325084855,5,18,Flop,tomas2,3638,0,BB,620,80,raise,60
20180325084855,5,19,Flop,basic_c,658,0,4,660,80,call,40
20180325084855,5,20,Flop,basic_b,608,0,5,700,80,call,40
20180325084855,5,21,Flop,random_a,2086,0,SB,740,80,call,40
20180325084855,5,22,Turn,random_a,2086,0,SB,740,0,check,0
20180325084855,5,23,Turn,tomas2,3618,0,BB,760,20,bet,20
20180325084855,5,24,Turn,basic_c,638,0,4,780,20,call,20
20180325084855,5,25,Turn,basic_b,568,0,5,820,40,raise,40
20180325084855,5,26,Turn,random_a,2046,0,SB,860,40,call,40
20180325084855,5,27,Turn,tomas2,3558,0,BB,920,80,raise,60
20180325084855,5,28,Turn,basic_c,578,0,4,980,80,call,60
20180325084855,5,29,Turn,basic_b,448,0,5,1100,160,raise,120
20180325084855,5,30,Turn,random_a,1926,0,SB,1220,160,call,120
20180325084855,5,31,Turn,tomas2,3318,0,BB,1460,320,raise,240
20180325084855,5,32,Turn,basic_c,338,0,4,1700,320,call,240
20180325084855,5,33,Turn,basic_b,288,0,5,1860,320,call,160
20180325084855,5,34,Turn,random_a,1766,0,SB,2020,320,call,160
20180325084855,5,35,River,random_a,1698,0,SB,2088,68,bet,68
20180325084855,5,36,River,tomas2,0,0,BB,5406,3318,allin,3318
20180325084855,5,37,River,basic_c,0,0,4,5744,338,allin,338
20180325084855,5,38,River,basic_b,0,0,5,6032,288,allin,288
20180325084855,5,39,River,random_a,1698,0,SB,6032,68,fold,0
20180325084855,6,1,Deal,cat9,920,0,1,30,0,fold,0
20180325084855,6,2,Deal,cat4,2286,2,2,50,20,call,20
20180325084855,6,3,Deal,basic_c,1000,1,3,50,0,fold,0
20180325084855,6,4,Deal,basic_b,1000,1,4,50,0,fold,0
20180325084855,6,5,Deal,basic_a,970,1,5,50,0,fold,0
20180325084855,6,6,Deal,random_a,1678,0,D,70,20,call,20
20180325084855,6,7,Deal,tomas2,6012,0,SB,80,20,call,10
20180325084855,6,8,Deal,random_b,54,1,BB,80,20,call,0
20180325084855,6,9,Flop,tomas2,6012,0,SB,80,0,check,0
20180325084855,6,10,Flop,random_b,54,1,BB,80,0,check,0
20180325084855,6,11,Flop,cat4,2266,2,2,100,20,bet,20
20180325084855,6,12,Flop,random_a,1678,0,D,100,0,fold,0
20180325084855,6,13,Flop,tomas2,5992,0,SB,120,20,call,20
20180325084855,6,14,Flop,random_b,0,1,BB,174,54,allin,54
20180325084855,6,15,Flop,cat4,2266,2,2,174,20,fold,0
20180325084855,6,16,Flop,tomas2,5958,0,SB,208,54,call,34
20180325084855,7,1,Deal,cat4,2266,2,1,30,0,fold,0
20180325084855,7,2,Deal,basic_c,960,1,2,70,40,raise,40
20180325084855,7,3,Deal,basic_b,1000,1,3,70,0,fold,0
20180325084855,7,4,Deal,basic_a,970,1,4,70,0,fold,0
20180325084855,7,5,Deal,random_a,1678,0,5,70,0,fold,0
20180325084855,7,6,Deal,tomas2,6166,0,D,70,0,fold,0
20180325084855,7,7,Deal,random_b,947,2,SB,113,53,bet,43
20180325084855,7,8,Deal,cat9,867,0,BB,146,53,call,33
20180325084855,7,9,Deal,basic_c,947,1,2,159,53,call,13
20180325084855,7,10,Flop,random_b,927,2,SB,179,20,bet,20
20180325084855,7,11,Flop,cat9,827,0,BB,219,40,raise,40
20180325084855,7,12,Flop,basic_c,947,1,2,219,0,fold,0
20180325084855,7,13,Flop,random_b,853,2,SB,293,94,bet,74
20180325084855,7,14,Flop,cat9,773,0,BB,347,94,call,54
20180325084855,7,15,Turn,random_b,824,2,SB,376,29,bet,29
20180325084855,7,16,Turn,cat9,744,0,BB,405,29,call,29
20180325084855,7,17,River,random_b,824,2,SB,405,0,check,0
20180325084855,7,18,River,cat9,714,0,BB,435,30,bet,30
20180325084855,7,19,River,random_b,748,2,SB,511,76,bet,76
20180325084855,7,20,River,cat9,668,0,BB,557,76,call,46
20180325084855,8,1,Deal,basic_c,907,1,1,70,40,raise,40
20180325084855,8,2,Deal,basic_b,920,1,2,150,80,raise,80
20180325084855,8,3,Deal,basic_a,890,1,3,230,80,call,80
20180325084855,8,4,Deal,random_a,1678,0,4,230,0,fold,0
20180325084855,8,5,Deal,tomas2,6086,0,5,310,80,call,80
20180325084855,8,6,Deal,random_b,1225,2,D,390,80,call,80
20180325084855,8,7,Deal,cat9,588,0,SB,460,80,call,70
20180325084855,8,8,Deal,cat4,2186,2,BB,520,80,call,60
20180325084855,8,9,Deal,basic_c,787,1,1,640,160,raise,120
20180325084855,8,10,Deal,basic_b,680,1,2,880,320,raise,240
20180325084855,8,11,Deal,basic_a,650,1,3,1120,320,call,240
20180325084855,8,12,Deal,tomas2,5846,0,5,1360,320,call,240
20180325084855,8,13,Deal,random_b,985,2,D,1600,320,call,240
20180325084855,8,14,Deal,cat9,348,0,SB,1840,320,call,240
20180325084855,8,15,Deal,cat4,1946,2,BB,2080,320,call,240
20180325084855,8,16,Deal,basic_c,627,1,1,2240,320,call,160
20180325084855,8,17,Flop,cat9,318,0,SB,2270,30,bet,30
20180325084855,8,18,Flop,cat4,1385,2,BB,2831,561,bet,561
20180325084855,8,19,Flop,basic_c,0,1,1,3458,627,allin,627
20180325084855,8,20,Flop,basic_b,0,1,2,4138,680,allin,680
20180325084855,8,21,Flop,basic_a,650,1,3,4138,0,fold,0
20180325084855,8,22,Flop,tomas2,5166,0,5,4818,680,call,680
20180325084855,8,23,Flop,random_b,305,2,D,5498,680,call,680
20180325084855,8,24,Flop,cat9,0,0,SB,5816,348,allin,318
20180325084855,8,25,Flop,cat4,1,2,BB,7200,1945,bet,1384
20180325084855,8,26,Flop,tomas2,3901,0,5,8465,1945,call,1265
20180325084855,8,27,Flop,random_b,0,2,D,8770,985,allin,305
20180325084855,8,28,Turn,cat4,0,2,BB,8771,1,allin,1
20180325084855,8,29,Turn,tomas2,3900,0,5,8772,1,call,1
20180325084855,9,1,Deal,basic_b,920,2,1,140,80,raise,80
20180325084855,9,2,Deal,basic_a,650,1,2,140,0,fold,0
20180325084855,9,3,Deal,random_a,1598,0,3,220,80,call,80
20180325084855,9,4,Deal,tomas2,3820,0,4,300,80,call,80
20180325084855,9,5,Deal,cat9,1000,1,D,300,0,fold,0
20180325084855,9,6,Deal,cat4,8692,2,SB,360,80,call,60
20180325084855,9,7,Deal,basic_c,920,2,BB,400,80,call,40
20180325084855,9,8,Flop,cat4,8413,2,SB,679,279,bet,279
20180325084855,9,9,Flop,basic_c,920,2,BB,679,0,fold,0
20180325084855,9,10,Flop,basic_b,920,2,1,679,0,fold,0
20180325084855,9,11,Flop,random_a,1319,0,3,958,279,call,279
20180325084855,9,12,Flop,tomas2,3820,0,4,958,0,fold,0
20180325084855,9,13,Turn,cat4,7846,2,SB,1525,567,bet,567
20180325084855,9,14,Turn,random_a,752,0,3,2092,567,call,567
20180325084855,9,15,River,cat4,6537,2,SB,3401,1309,bet,1309
20180325084855,9,16,River,random_a,752,0,3,3401,0,fold,0
20180325084855,10,1,Deal,basic_a,570,1,1,140,80,raise,80
20180325084855,10,2,Deal,random_a,672,0,2,220,80,call,80
20180325084855,10,3,Deal,tomas2,3740,0,3,300,80,call,80
20180325084855,10,4,Deal,cat9,1000,1,4,300,0,fold,0
20180325084855,10,5,Deal,cat4,9858,2,D,380,80,call,80
20180325084855,10,6,Deal,basic_c,900,2,SB,380,20,fold,0
20180325084855,10,7,Deal,basic_b,840,2,BB,420,80,call,40
20180325084855,10,8,Flop,basic_b,800,2,BB,460,40,bet,40
20180325084855,10,9,Flop,basic_a,530,1,1,500,40,call,40
20180325084855,10,10,Flop,random_a,632,0,2,540,40,call,40
20180325084855,10,11,Flop,tomas2,3700,0,3,580,40,call,40
20180325084855,10,12,Flop,cat4,9768,2,D,670,90,bet,90
20180325084855,10,13,Flop,basic_b,660,2,BB,810,180,raise,140
20180325084855,10,14,Flop,basic_a,390,1,1,950,180,call,140
20180325084855,10,15,Flop,random_a,492,0,2,1090,180,call,140
20180325084855,10,16,Flop,tomas2,3560,0,3,1230,180,call,140
20180325084855,10,17,Flop,cat4,9577,2,D,1421,281,bet,191
20180325084855,10,18,Flop,basic_b,278,2,BB,1803,562,raise,382
20180325084855,10,19,Flop,basic_a,8,1,1,2185,562,call,382
20180325084855,10,20,Flop,random_a,492,0,2,2185,180,fold,0
20180325084855,10,21,Flop,tomas2,3560,0,3,2185,180,fold,0
20180325084855,10,22,Flop,cat4,8734,2,D,3028,1124,raise,843
20180325084855,10,23,Flop,basic_b,0,2,BB,3306,840,allin,278
20180325084855,10,24,Flop,basic_a,8,1,1,3306,562,fold,0
20180325084855,11,1,Deal,tomas2,3560,0,1,48,0,fold,0
20180325084855,11,2,Deal,cat9,960,1,2,88,40,call,40
20180325084855,11,3,Deal,cat4,12040,2,3,88,0,fold,0
20180325084855,11,4,Deal,basic_c,900,2,D,88,0,fold,0
20180325084855,11,5,Deal,random_a,452,0,BB,88,40,call,0
20180325084855,11,6,Flop,random_a,452,0,BB,88,0,check,0
20180325084855,11,7,Flop,cat9,960,1,2,88,0,fold,0
20180325084855,12,1,Deal,cat9,960,1,1,60,0,fold,0
20180325084855,12,2,Deal,cat4,12000,2,2,100,40,call,40
20180325084855,12,3,Deal,basic_c,820,2,3,180,80,raise,80
20180325084855,12,4,Deal,basic_a,840,2,D,340,160,raise,160
20180325084855,12,5,Deal,random_a,380,0,SB,480,160,call,140
20180325084855,12,6,Deal,tomas2,3400,0,BB,600,160,call,120
20180325084855,12,7,Deal,cat4,11880,2,2,720,160,call,120
20180325084855,12,8,Deal,basic_c,580,2,3,960,320,raise,240
20180325084855,12,9,Deal,basic_a,360,2,D,1440,640,raise,480
20180325084855,12,10,Deal,random_a,0,0,SB,1820,540,allin,380
20180325084855,12,11,Deal,tomas2,2920,0,BB,2300,640,call,480
20180325084855,12,12,Deal,cat4,11400,2,2,2780,640,call,480
20180325084855,12,13,Deal,basic_c,260,2,3,3100,640,call,320
20180325084855,12,14,Flop,tomas2,2920,0,BB,3100,0,check,0
20180325084855,12,15,Flop,cat4,10758,2,2,3742,642,bet,642
20180325084855,12,16,Flop,basic_c,0,2,3,4002,260,allin,260
20180325084855,12,17,Flop,basic_a,360,2,D,4002,0,fold,0
20180325084855,12,18,Flop,tomas2,2278,0,BB,4644,642,call,642
20180325084855,12,19,Turn,tomas2,2278,0,BB,4644,0,check,0
20180325084855,12,20,Turn,cat4,10118,2,2,5284,640,bet,640
20180325084855,12,21,Turn,tomas2,1638,0,BB,5924,640,call,640
20180325084855,12,22,River,tomas2,1638,0,BB,5924,0,check,0
20180325084855,12,23,River,cat4,9489,2,2,6553,629,bet,629
20180325084855,12,24,River,tomas2,1009,0,BB,7182,629,call,629
20180325084855,13,1,Deal,cat4,9449,2,1,100,40,call,40
20180325084855,13,2,Deal,basic_c,3880,2,2,100,0,fold,0
20180325084855,13,3,Deal,basic_a,280,2,3,180,80,raise,80
20180325084855,13,4,Deal,random_a,1000,1,D,180,0,fold,0
20180325084855,13,5,Deal,tomas2,4231,0,SB,240,80,call,60
20180325084855,13,6,Deal,cat9,880,1,BB,280,80,call,40
20180325084855,13,7,Deal,cat4,9449,2,1,280,40,fold,0
20180325084855,13,8,Flop,tomas2,4231,0,SB,280,0,check,0
20180325084855,13,9,Flop,cat9,830,1,BB,330,50,bet,50
20180325084855,13,10,Flop,basic_a,230,2,3,380,50,call,50
20180325084855,13,11,Flop,tomas2,4181,0,SB,430,50,call,50
20180325084855,13,12,Turn,tomas2,4181,0,SB,430,0,check,0
20180325084855,13,13,Turn,cat9,780,1,BB,480,50,bet,50
20180325084855,13,14,Turn,basic_a,130,2,3,580,100,raise,100
20180325084855,13,15,Turn,tomas2,4081,0,SB,680,100,call,100
20180325084855,13,16,Turn,cat9,730,1,BB,730,100,call,50
20180325084855,13,17,River,tomas2,0,0,SB,4811,4081,allin,4081
20180325084855,13,18,River,cat9,0,1,BB,5541,730,allin,730
20180325084855,13,19,River,basic_a,130,2,3,5541,0,fold,0
20180325084855,14,1,Deal,basic_c,3880,2,1,60,0,fold,0
20180325084855,14,2,Deal,basic_a,130,2,2,60,0,fold,0
20180325084855,14,3,Deal,random_a,0,1,3,1060,1000,allin,1000
20180325084855,14,4,Deal,tomas2,5541,0,D,1060,0,fold,0
20180325084855,14,5,Deal,cat9,0,2,SB,2040,1000,allin,980
20180325084855,14,6,Deal,cat4,8449,2,BB,3000,1000,call,960
20180325084855,15,1,Deal,basic_a,0,2,1,250,130,allin,130
20180325084855,15,2,Deal,random_a,870,2,2,380,130,call,130
20180325084855,15,3,Deal,tomas2,5411,0,3,510,130,call,130
20180325084855,15,4,Deal,cat9,2870,2,D,640,130,call,130
20180325084855,15,5,Deal,cat4,8319,2,SB,730,130,call,90
20180325084855,15,6,Deal,basic_c,3620,2,BB,910,260,raise,180
20180325084855,15,7,Deal,random_a,740,2,2,1040,260,call,130
20180325084855,15,8,Deal,tomas2,5281,0,3,1170,260,call,130
20180325084855,15,9,Deal,cat9,2740,2,D,1300,260,call,130
20180325084855,15,10,Deal,cat4,8189,2,SB,1430,260,call,130
20180325084855,15,11,Flop,cat4,7947,2,SB,1672,242,bet,242
20180325084855,15,12,Flop,basic_c,3378,2,BB,1914,242,call,242
20180325084855,15,13,Flop,random_a,498,2,2,2156,242,call,242
20180325084855,15,14,Flop,tomas2,5039,0,3,2398,242,call,242
20180325084855,15,15,Flop,cat9,2498,2,D,2640,242,call,242
20180325084855,15,16,Turn,cat4,7577,2,SB,3010,370,bet,370
20180325084855,15,17,Turn,basic_c,2638,2,BB,3750,740,raise,740
20180325084855,15,18,Turn,random_a,0,2,2,4248,498,allin,498
20180325084855,15,19,Turn,tomas2,5039,0,3,4248,0,fold,0
20180325084855,15,20,Turn,cat9,1758,2,D,4988,740,call,740
20180325084855,15,21,Turn,cat4,6467,2,SB,6098,1480,raise,1110
20180325084855,15,22,Turn,basic_c,418,2,BB,8318,2960,raise,2220
20180325084855,15,23,Turn,cat9,0,2,D,10076,2498,allin,1758
20180325084855,15,24,Turn,cat4,2027,2,SB,14516,5920,raise,4440
20180325084855,15,25,Turn,basic_c,0,2,BB,14934,3378,allin,418
