﻿game_id,round_id,turn_id,roundName,playerName,chips,reloadCount,position,pot,bet,action,amount
20180325105416,1,1,Deal,random_b,1000,0,1,30,0,fold,0
20180325105416,1,2,Deal,cat9,1000,0,2,30,0,fold,0
20180325105416,1,3,Deal,cat4,1000,0,3,30,0,fold,0
20180325105416,1,4,Deal,basic_c,1000,0,4,30,0,fold,0
20180325105416,1,5,Deal,basic_b,1000,0,5,30,0,fold,0
20180325105416,1,6,Deal,basic_a,980,0,D,50,20,call,20
20180325105416,1,7,Deal,random_a,980,0,SB,60,20,call,10
20180325105416,1,8,Deal,tomas2,980,0,BB,60,20,call,0
20180325105416,1,9,Flop,random_a,980,0,SB,60,0,check,0
20180325105416,1,10,Flop,tomas2,980,0,BB,60,0,fold,0
20180325105416,1,11,Flop,basic_a,980,0,D,60,0,check,0
20180325105416,1,12,Turn,random_a,980,0,SB,60,0,check,0
20180325105416,1,13,Turn,basic_a,980,0,D,60,0,check,0
20180325105416,1,14,River,random_a,980,0,SB,60,0,check,0
20180325105416,1,15,River,basic_a,980,0,D,60,0,check,0
20180325105416,2,1,Deal,cat9,980,0,1,50,20,call,20
20180325105416,2,2,Deal,cat4,2000,1,2,50,0,fold,0
20180325105416,2,3,Deal,basic_c,1000,0,3,50,0,fold,0
20180325105416,2,4,Deal,basic_b,1000,0,4,50,0,fold,0
20180325105416,2,5,Deal,basic_a,980,0,5,50,0,fold,0
20180325105416,2,6,Deal,random_a,989,0,D,101,51,bet,51
20180325105416,2,7,Deal,tomas2,929,0,SB,142,51,call,41
20180325105416,2,8,Deal,random_b,0,0,BB,1122,1000,allin,980
20180325105416,2,9,Deal,cat9,0,0,1,2102,1000,allin,980
20180325105416,2,10,Deal,random_a,40,0,D,3051,1000,call,949
20180325105416,2,11,Deal,tomas2,0,0,SB,3980,980,allin,929
20180325105416,3,1,Deal,cat4,3000,2,1,30,0,fold,0
20180325105416,3,2,Deal,basic_c,1000,0,2,30,0,fold,0
20180325105416,3,3,Deal,basic_b,1000,0,3,30,0,fold,0
20180325105416,3,4,Deal,basic_a,980,0,4,30,0,fold,0
20180325105416,3,5,Deal,random_a,20,0,5,50,20,call,20
20180325105416,3,6,Deal,tomas2,1000,1,D,50,0,fold,0
20180325105416,3,7,Deal,random_b,3970,0,SB,50,10,fold,0
20180325105416,3,8,Deal,cat9,980,1,BB,50,20,call,0
20180325105416,3,9,Flop,cat9,980,1,BB,50,0,fold,0
20180325105416,3,10,Flop,random_a,20,0,5,50,0,call,0
20180325105416,4,1,Deal,basic_c,960,0,1,70,40,raise,40
20180325105416,4,2,Deal,basic_b,1000,0,2,70,0,fold,0
20180325105416,4,3,Deal,basic_a,900,0,3,150,80,raise,80
20180325105416,4,4,Deal,random_a,0,0,4,220,70,allin,70
20180325105416,4,5,Deal,tomas2,1000,1,5,220,0,fold,0
20180325105416,4,6,Deal,random_b,3890,0,D,300,80,call,80
20180325105416,4,7,Deal,cat9,900,1,SB,370,80,call,70
20180325105416,4,8,Deal,cat4,2920,2,BB,430,80,call,60
20180325105416,4,9,Deal,basic_c,920,0,1,470,80,call,40
20180325105416,4,10,Flop,cat9,870,1,SB,500,30,bet,30
20180325105416,4,11,Flop,cat4,2860,2,BB,560,60,raise,60
20180325105416,4,12,Flop,basic_c,860,0,1,620,60,call,60
20180325105416,4,13,Flop,basic_a,780,0,3,740,120,raise,120
20180325105416,4,14,Flop,random_b,3890,0,D,740,0,fold,0
20180325105416,4,15,Flop,cat9,780,1,SB,830,120,call,90
20180325105416,4,16,Flop,cat4,2680,2,BB,1010,240,raise,180
20180325105416,4,17,Flop,basic_c,860,0,1,1010,60,fold,0
20180325105416,4,18,Flop,basic_a,420,0,3,1370,480,raise,360
20180325105416,4,19,Flop,cat9,420,1,SB,1730,480,call,360
20180325105416,4,20,Flop,cat4,2440,2,BB,1970,480,call,240
20180325105416,4,21,Turn,cat9,390,1,SB,2000,30,bet,30
20180325105416,4,22,Turn,cat4,2258,2,BB,2182,182,bet,182
20180325105416,4,23,Turn,basic_a,238,0,3,2364,182,call,182
20180325105416,4,24,Turn,cat9,56,1,SB,2698,364,raise,334
20180325105416,4,25,Turn,cat4,1712,2,BB,3244,728,raise,546
20180325105416,4,26,Turn,basic_a,0,0,3,3482,420,allin,238
20180325105416,4,27,Turn,cat9,0,1,SB,3538,420,allin,56
20180325105416,5,1,Deal,basic_b,960,0,1,70,40,raise,40
20180325105416,5,2,Deal,basic_a,2730,0,2,150,80,raise,80
20180325105416,5,3,Deal,random_a,420,0,3,150,0,fold,0
20180325105416,5,4,Deal,tomas2,1000,1,4,150,0,fold,0
20180325105416,5,5,Deal,random_b,0,0,5,4040,3890,allin,3890
20180325105416,5,6,Deal,cat9,1000,2,D,4040,0,fold,0
20180325105416,5,7,Deal,cat4,0,2,SB,6050,2020,allin,2010
20180325105416,5,8,Deal,basic_c,840,0,BB,6050,20,fold,0
20180325105416,5,9,Deal,basic_b,960,0,1,6050,40,fold,0
20180325105416,5,10,Deal,basic_a,2730,0,2,6050,80,fold,0
20180325105416,6,1,Deal,basic_a,2730,0,1,30,0,fold,0
20180325105416,6,2,Deal,random_a,400,0,2,50,20,call,20
20180325105416,6,3,Deal,tomas2,980,1,3,70,20,call,20
20180325105416,6,4,Deal,random_b,1850,0,4,90,20,call,20
20180325105416,6,5,Deal,cat9,980,2,5,110,20,call,20
20180325105416,6,6,Deal,cat4,4160,2,D,130,20,call,20
20180325105416,6,7,Deal,basic_c,800,0,SB,160,40,raise,30
20180325105416,6,8,Deal,basic_b,920,0,BB,180,40,call,20
20180325105416,6,9,Deal,random_a,350,0,2,230,70,bet,50
20180325105416,6,10,Deal,tomas2,930,1,3,280,70,call,50
20180325105416,6,11,Deal,random_b,1774,0,4,356,96,bet,76
20180325105416,6,12,Deal,cat9,904,2,5,432,96,call,76
20180325105416,6,13,Deal,cat4,4084,2,D,508,96,call,76
20180325105416,6,14,Deal,basic_c,648,0,SB,660,192,raise,152
20180325105416,6,15,Deal,basic_b,768,0,BB,812,192,call,152
20180325105416,6,16,Deal,random_a,228,0,2,934,192,call,122
20180325105416,6,17,Deal,tomas2,808,1,3,1056,192,call,122
20180325105416,6,18,Deal,random_b,1678,0,4,1152,192,call,96
20180325105416,6,19,Deal,cat9,808,2,5,1248,192,call,96
20180325105416,6,20,Deal,cat4,3988,2,D,1344,192,call,96
20180325105416,6,21,Flop,basic_c,648,0,SB,1344,0,check,0
20180325105416,6,22,Flop,basic_b,768,0,BB,1344,0,check,0
20180325105416,6,23,Flop,random_a,228,0,2,1344,0,check,0
20180325105416,6,24,Flop,tomas2,788,1,3,1364,20,bet,20
20180325105416,6,25,Flop,random_b,1605,0,4,1437,73,bet,73
20180325105416,6,26,Flop,cat9,735,2,5,1510,73,call,73
20180325105416,6,27,Flop,cat4,3842,2,D,1656,146,raise,146
20180325105416,6,28,Flop,basic_c,502,0,SB,1802,146,call,146
20180325105416,6,29,Flop,basic_b,768,0,BB,1802,0,fold,0
20180325105416,6,30,Flop,random_a,82,0,2,1948,146,call,146
20180325105416,6,31,Flop,tomas2,662,1,3,2074,146,call,126
20180325105416,6,32,Flop,random_b,1532,0,4,2147,146,call,73
20180325105416,6,33,Flop,cat9,662,2,5,2220,146,call,73
20180325105416,6,34,Turn,basic_c,502,0,SB,2220,0,check,0
20180325105416,6,35,Turn,random_a,82,0,2,2220,0,check,0
20180325105416,6,36,Turn,tomas2,662,1,3,2220,0,check,0
20180325105416,6,37,Turn,random_b,1512,0,4,2240,20,bet,20
20180325105416,6,38,Turn,cat9,642,2,5,2260,20,call,20
20180325105416,6,39,Turn,cat4,3630,2,D,2472,212,bet,212
20180325105416,6,40,Turn,basic_c,502,0,SB,2472,0,fold,0
20180325105416,6,41,Turn,random_a,0,0,2,2554,82,allin,82
20180325105416,6,42,Turn,tomas2,450,1,3,2766,212,call,212
20180325105416,6,43,Turn,random_b,1320,0,4,2958,212,call,192
20180325105416,6,44,Turn,cat9,450,2,5,3150,212,call,192
20180325105416,6,45,River,tomas2,430,1,3,3170,20,bet,20
20180325105416,6,46,River,random_b,1244,0,4,3246,76,bet,76
20180325105416,6,47,River,cat9,374,2,5,3322,76,call,76
20180325105416,6,48,River,cat4,3374,2,D,3578,256,bet,256
20180325105416,6,49,River,tomas2,194,1,3,3814,256,call,236
20180325105416,6,50,River,random_b,1064,0,4,3994,256,call,180
20180325105416,6,51,River,cat9,194,2,5,4174,256,call,180
20180325105416,7,1,Deal,random_a,980,1,1,50,20,call,20
20180325105416,7,2,Deal,tomas2,174,1,2,70,20,call,20
20180325105416,7,3,Deal,random_b,5161,0,3,147,77,bet,77
20180325105416,7,4,Deal,cat9,194,2,4,147,0,fold,0
20180325105416,7,5,Deal,cat4,3297,2,5,224,77,call,77
20180325105416,7,6,Deal,basic_c,502,0,D,224,0,fold,0
20180325105416,7,7,Deal,basic_b,691,0,SB,291,77,call,67
20180325105416,7,8,Deal,basic_a,2710,0,BB,291,20,fold,0
20180325105416,7,9,Deal,random_a,923,1,1,348,77,call,57
20180325105416,7,10,Deal,tomas2,117,1,2,405,77,call,57
20180325105416,7,11,Flop,basic_b,671,0,SB,425,20,bet,20
20180325105416,7,12,Flop,random_a,854,1,1,494,69,bet,69
20180325105416,7,13,Flop,tomas2,48,1,2,563,69,call,69
20180325105416,7,14,Flop,random_b,5092,0,3,632,69,call,69
20180325105416,7,15,Flop,cat4,3159,2,5,770,138,raise,138
20180325105416,7,16,Flop,basic_b,553,0,SB,888,138,call,118
20180325105416,7,17,Flop,random_a,854,1,1,888,69,fold,0
20180325105416,7,18,Flop,tomas2,0,1,2,936,117,allin,48
20180325105416,7,19,Flop,random_b,5023,0,3,1005,138,call,69
20180325105416,7,20,Turn,basic_b,553,0,SB,1005,0,check,0
20180325105416,7,21,Turn,random_b,5023,0,3,1005,0,fold,0
20180325105416,7,22,Turn,cat4,3074,2,5,1090,85,bet,85
20180325105416,7,23,Turn,basic_b,468,0,SB,1175,85,call,85
20180325105416,7,24,River,basic_b,468,0,SB,1175,0,check,0
20180325105416,7,25,River,cat4,2977,2,5,1272,97,bet,97
20180325105416,7,26,River,basic_b,371,0,SB,1369,97,call,97
20180325105416,8,1,Deal,tomas2,1000,2,1,30,0,fold,0
20180325105416,8,2,Deal,random_b,5003,0,2,50,20,call,20
20180325105416,8,3,Deal,cat9,174,2,3,70,20,call,20
20180325105416,8,4,Deal,cat4,2957,2,4,90,20,call,20
20180325105416,8,5,Deal,basic_c,462,0,5,130,40,raise,40
20180325105416,8,6,Deal,basic_b,1660,0,D,210,80,raise,80
20180325105416,8,7,Deal,basic_a,2630,0,SB,280,80,call,70
20180325105416,8,8,Deal,random_a,774,1,BB,340,80,call,60
20180325105416,8,9,Deal,random_b,4943,0,2,400,80,call,60
20180325105416,8,10,Deal,cat9,114,2,3,460,80,call,60
20180325105416,8,11,Deal,cat4,2897,2,4,520,80,call,60
20180325105416,8,12,Deal,basic_c,342,0,5,640,160,raise,120
20180325105416,8,13,Deal,basic_b,1420,0,D,880,320,raise,240
20180325105416,8,14,Deal,basic_a,2390,0,SB,1120,320,call,240
20180325105416,8,15,Deal,random_a,534,1,BB,1360,320,call,240
20180325105416,8,16,Deal,random_b,4703,0,2,1600,320,call,240
20180325105416,8,17,Deal,cat9,0,2,3,1714,194,allin,114
20180325105416,8,18,Deal,cat4,2657,2,4,1954,320,call,240
20180325105416,8,19,Deal,basic_c,182,0,5,2114,320,call,160
20180325105416,8,20,Flop,basic_a,2370,0,SB,2134,20,bet,20
20180325105416,8,21,Flop,random_a,459,1,BB,2209,75,bet,75
20180325105416,8,22,Flop,random_b,4628,0,2,2284,75,call,75
20180325105416,8,23,Flop,cat4,2351,2,4,2590,306,bet,306
20180325105416,8,24,Flop,basic_c,0,0,5,2772,182,allin,182
20180325105416,8,25,Flop,basic_b,1420,0,D,2772,0,fold,0
20180325105416,8,26,Flop,basic_a,1778,0,SB,3364,612,raise,592
20180325105416,8,27,Flop,random_a,0,1,BB,3823,534,allin,459
20180325105416,8,28,Flop,random_b,4628,0,2,3823,75,fold,0
20180325105416,8,29,Flop,cat4,1433,2,4,4741,1224,raise,918
20180325105416,8,30,Flop,basic_a,1166,0,SB,5353,1224,call,612
20180325105416,8,31,Turn,basic_a,1166,0,SB,5353,0,check,0
20180325105416,8,32,Turn,cat4,640,2,4,6146,793,bet,793
20180325105416,8,33,Turn,basic_a,0,0,SB,7312,1166,allin,1166
20180325105416,8,34,Turn,cat4,0,2,4,7952,1433,allin,640
20180325105416,9,1,Deal,random_b,4484,0,1,204,144,bet,144
20180325105416,9,2,Deal,cat4,123,2,2,348,144,call,144
20180325105416,9,3,Deal,basic_c,1000,1,3,348,0,fold,0
20180325105416,9,4,Deal,basic_b,1420,0,4,348,0,fold,0
20180325105416,9,5,Deal,basic_a,7685,0,D,348,0,fold,0
20180325105416,9,6,Deal,random_a,856,2,SB,472,144,call,124
20180325105416,9,7,Deal,tomas2,856,2,BB,576,144,call,104
20180325105416,9,8,Flop,random_a,746,2,SB,686,110,bet,110
20180325105416,9,9,Flop,tomas2,746,2,BB,796,110,call,110
20180325105416,9,10,Flop,random_b,4374,0,1,906,110,call,110
20180325105416,9,11,Flop,cat4,0,2,2,1029,123,allin,123
20180325105416,9,12,Flop,random_a,706,2,SB,1069,150,bet,40
20180325105416,9,13,Flop,tomas2,706,2,BB,1109,150,call,40
20180325105416,9,14,Flop,random_b,4291,0,1,1192,193,bet,83
20180325105416,9,15,Flop,random_a,663,2,SB,1235,193,call,43
20180325105416,9,16,Flop,tomas2,663,2,BB,1278,193,call,43
20180325105416,9,17,Turn,random_a,663,2,SB,1278,0,check,0
20180325105416,9,18,Turn,tomas2,663,2,BB,1278,0,check,0
20180325105416,9,19,Turn,random_b,4251,0,1,1318,40,bet,40
20180325105416,9,20,Turn,random_a,622,2,SB,1359,41,bet,41
20180325105416,9,21,Turn,tomas2,622,2,BB,1400,41,call,41
20180325105416,9,22,Turn,random_b,4104,0,1,1547,187,bet,147
20180325105416,9,23,Turn,random_a,476,2,SB,1693,187,call,146
20180325105416,9,24,Turn,tomas2,476,2,BB,1839,187,call,146
20180325105416,9,25,River,random_a,476,2,SB,1839,0,check,0
20180325105416,9,26,River,tomas2,476,2,BB,1839,0,fold,0
20180325105416,9,27,River,random_b,4104,0,1,1839,0,check,0
20180325105416,10,1,Deal,cat4,1028,2,1,100,40,call,40
20180325105416,10,2,Deal,basic_c,920,1,2,180,80,raise,80
20180325105416,10,3,Deal,basic_b,1340,0,3,260,80,call,80
20180325105416,10,4,Deal,basic_a,7525,0,4,420,160,raise,160
20180325105416,10,5,Deal,random_a,1087,2,D,580,160,call,160
20180325105416,10,6,Deal,tomas2,316,2,SB,720,160,call,140
20180325105416,10,7,Deal,random_b,3944,0,BB,840,160,call,120
20180325105416,10,8,Deal,cat4,908,2,1,960,160,call,120
20180325105416,10,9,Deal,basic_c,680,1,2,1200,320,raise,240
20180325105416,10,10,Deal,basic_b,780,0,3,1760,640,raise,560
20180325105416,10,11,Deal,basic_a,7045,0,4,2240,640,call,480
20180325105416,10,12,Deal,random_a,607,2,D,2720,640,call,480
20180325105416,10,13,Deal,tomas2,0,2,SB,3036,476,allin,316
20180325105416,10,14,Deal,random_b,3464,0,BB,3516,640,call,480
20180325105416,10,15,Deal,cat4,428,2,1,3996,640,call,480
20180325105416,10,16,Deal,basic_c,360,1,2,4316,640,call,320
20180325105416,10,17,Flop,random_b,3464,0,BB,4316,0,check,0
20180325105416,10,18,Flop,cat4,0,2,1,4744,428,allin,428
20180325105416,10,19,Flop,basic_c,0,1,2,5104,360,allin,360
20180325105416,10,20,Flop,basic_b,352,0,3,5532,428,call,428
20180325105416,10,21,Flop,basic_a,6189,0,4,6388,856,raise,856
20180325105416,10,22,Flop,random_a,0,2,D,6995,607,allin,607
20180325105416,10,23,Flop,random_b,2608,0,BB,7851,856,call,856
20180325105416,10,24,Flop,basic_b,0,0,3,8203,780,allin,352
20180325105416,10,25,Turn,random_b,2554,0,BB,8257,54,bet,54
20180325105416,10,26,Turn,basic_a,6081,0,4,8365,108,raise,108
20180325105416,10,27,Turn,random_b,2432,0,BB,8487,176,bet,122
20180325105416,10,28,Turn,basic_a,6013,0,4,8555,176,call,68
20180325105416,10,29,River,random_b,2432,0,BB,8555,0,fold,0
20180325105416,10,30,River,basic_a,6013,0,4,8555,0,call,0
