﻿round_id,turn,N,Nnf,roundName,first,hole,board,Nsim,prWin,prWinStd,chips,reld,chips_total,pot,bet,cost_on_table,cost_to_call,cost_total,maxBet_all,N_maxBet_all,prWin_adj,limitBet,util_fold,util_call,util_raise_coeff,action,amount,cputime
1,0,8,8,deal,False,♠9 ♦A,,60000,0.16313935185185321,0.329615733683362,1000,0,3000,0,0,0,20,20,20,1,0.3312585601373428,158.80658245552198,0,-3.437071993132861,-0.33748287972531443,fold,0,0.28211188316345215
2,0,8,4,deal,False,♣2 ♥5,,60000,0.09019027777777766,0.2658613541499918,980,0,2980,0,20,20,53,73,73,2,0.22195919602736294,98.39744747982904,-20,2.2678398108133706,-0.5560816079452742,check,0,0.2745659351348877
2,1,8,4,flop,True,♣2 ♥5,♦5 ♠J ♥10,215,0.12790697674418605,0.3251658477699898,927,0,2927,73,0,73,20,93,0,8,0.2712565461821841,201.12197544709923,0,67.34460787066328,-0.4574869076356318,check,0,1.198655366897583
2,2,8,3,flop,False,♣2 ♥5,♦5 ♠J ♥10,1482,0.10110211426000898,0.2941313571853236,927,0,2927,73,0,73,35,108,35,2,0.2304928457653642,166.52776931882042,0,58.81058822650323,-0.5390143084692716,check,0,1.2437210083007812
2,3,8,3,turn,True,♣2 ♥5,♦5 ♠J ♥10 ♥4,231,0.06277056277056277,0.23112586140190844,892,0,2892,108,0,108,20,128,0,8,0.17163195338102447,181.77759694913317,0,53.286844093697454,-0.6567360932379511,check,0,1.1976439952850342
2,4,8,3,river,True,♣2 ♥5,♦5 ♠J ♥10 ♥4 ♠9,421,0.0011876484560570072,0.024339550512968166,892,0,2892,108,0,108,20,128,0,8,0.01788207334263727,22.662757983863553,0,-12.364354682693886,-0.9642358533147255,fold,0,1.2063028812408447
3,0,8,5,deal,False,♥J ♠6,,60000,0.10854074074073997,0.28010800247782847,882,0,2882,0,10,10,38,48,48,1,0.2500740096128612,109.11653524379219,-10,1.011545499606349,-0.4998519807742776,check,0,0.2815380096435547
3,1,8,5,deal,False,♥J ♠6,,60000,0.10854074074073997,0.28010800247782847,844,0,2844,0,48,48,20,68,68,1,0.2500740096128612,107.67780230164642,0,51.271092739665434,-0.4998519807742776,check,0,0.2857329845428467
3,2,8,4,flop,True,♥J ♠6,♦J ♥6 ♥K,142,0.4964788732394366,0.49467758340710255,824,0,2824,68,0,68,20,88,0,8,0.7101172029361926,759.3419102708032,0,224.99043501298647,0.42023440587238525,raise,0,1.197883129119873
3,3,8,3,flop,False,♥J ♠6,♦J ♥6 ♥K,1035,0.44911433172302734,0.49107768627776865,804,0,2804,68,20,88,106,194,126,2,0.6616486825711969,659.8262437045385,0,359.1390238475514,0.3232973651423938,raise,0,1.2161312103271484
3,4,8,3,flop,False,♥J ♠6,♦J ♥6 ♥K,1756,0.45111996962794226,0.489996757238635,572,0,2572,68,252,320,252,572,504,2,0.6637402469012031,608.6960917742651,0,967.2908335575103,0.3274804938024063,bet,632,1.208791971206665
4,0,8,5,deal,False,♠Q ♦10,,60000,0.17833750000000137,0.34620630593832863,2797,0,4797,0,0,0,20,20,20,3,0.35059596948404326,272.4500060185283,0,11.553637253563892,-0.2988080610319135,check,0,0.272568941116333
4,1,8,3,flop,False,♠Q ♦10,♠K ♥J ♥8,1250,0.24486666666666665,0.4190217231176021,2777,0,4777,20,0,20,20,40,20,2,0.42764528524326967,578.8165153614531,0,48.42324563892315,-0.14470942951346066,check,0,1.2499768733978271
4,2,8,3,turn,False,♠Q ♦10,♠K ♥J ♥8 ♠J,826,0.11359967715899918,0.3116030463910901,2757,0,4757,40,0,40,69,109,69,1,0.2573655690544087,472.48944555233777,0,12.842250959301978,-0.48526886189118257,check,0,1.2297077178955078
4,3,8,3,turn,False,♠Q ♦10,♠K ♥J ♥8 ♠J,1876,0.11644900497512436,0.3148939763860334,2688,0,4688,40,69,109,69,178,138,2,0.26177257651516517,474.9502050791302,0,81.25745891970482,-0.47645484696966967,check,0,1.2260289192199707
4,4,8,3,river,False,♠Q ♦10,♠K ♥J ♥8 ♠J ♥10,997,0.041123370110330994,0.1818786629493736,2619,0,4619,178,0,178,434,612,434,1,0.1378453468670829,297.53206987641795,0,-202.97119865076903,-0.7243093062658341,fold,0,1.2534480094909668
5,0,8,6,deal,False,♠3 ♠Q,,60000,0.14836898148148303,0.32818450375503694,2619,0,4619,0,0,0,40,40,40,1,0.3065510695956726,222.46211204244796,0,-0.14836095256256243,-0.38689786080865485,fold,0,0.33229684829711914
6,0,7,7,deal,False,♥J ♣3,,60000,0.11379484126981618,0.27308629033976417,2619,0,4619,0,0,0,80,80,80,1,0.2535220876882205,177.6823155536399,0,-21.68991983170929,-0.492955824623559,fold,0,0.3199031352996826
7,0,7,6,deal,False,♥10 ♦5,,60000,0.11533809523806861,0.27625316924421356,2619,0,4619,0,0,0,20,20,20,1,0.25748423217963434,180.91639942453594,0,-7.125788391018283,-0.4850315356407313,fold,0,0.31026697158813477
8,0,7,7,deal,False,♦6 ♦Q,,60000,0.17882043650793425,0.33831574787716334,2619,0,4619,0,0,0,40,40,40,1,0.35126128671169793,262.9632342659875,0,-4.873871328830205,-0.29747742657660414,fold,0,0.3109738826751709
9,0,6,4,deal,False,♣2 ♦2,,60000,0.15909060846560297,0.3307234018817638,2579,0,4579,0,40,40,114,154,154,2,0.3255116629621543,237.23686847443744,-40,61.45078633660117,-0.34897667407569144,check,0,0.27242326736450195
9,1,6,3,flop,False,♣2 ♦2,♣4 ♣10 ♥A,610,0.057308743169398914,0.22678551275209563,2465,0,4465,154,0,154,40,194,40,1,0.15397293631414638,162.11464854216146,0,55.309247578456606,-0.6920541273717072,check,0,1.2188677787780762
9,2,6,3,flop,False,♣2 ♦2,♣4 ♣10 ♥A,2002,0.06272893772893773,0.2382063190252708,2425,0,4425,154,40,194,120,314,160,1,0.1635699088757666,171.62440278860348,0,33.592144434344846,-0.6728601822484668,check,0,1.262129783630371
9,3,6,3,flop,False,♣2 ♦2,♣4 ♣10 ♥A,3263,0.06514965777913985,0.24359774209439478,2305,0,4305,154,160,314,480,794,640,1,0.16778514863484256,171.6931685456429,0,-121.10756707007175,-0.6644297027303149,fold,0,1.2440221309661865
10,0,6,3,deal,False,♣5 ♥4,,60000,0.14215291005291728,0.3012552620891341,2285,0,4285,0,20,20,53,73,73,1,0.3027880848490721,203.32497156091412,-20,3.3185837819274084,-0.3944238303018558,check,0,0.29027605056762695
10,1,6,3,flop,True,♣5 ♥4,♦2 ♣J ♣3,218,0.268348623853211,0.42773640835955556,2232,0,4232,73,0,73,40,113,0,6,0.4565748949998582,560.4443991173991,0,78.25289780496327,-0.08685021000028359,check,0,1.1951918601989746
10,2,6,2,flop,False,♣5 ♥4,♦2 ♣J ♣3,1086,0.2291282995702885,0.4096233644547354,2232,0,4232,73,0,73,89,162,89,1,0.40765734090332784,481.23550954181457,0,72.83996433862114,-0.18468531819334433,check,0,1.2180519104003906
10,3,6,2,turn,True,♣5 ♥4,♦2 ♣J ♣3 ♠A,125,0.8066666666666668,0.35238867430406695,2143,0,4143,162,0,162,40,202,0,6,0.987717787139184,6084.507652083057,0,391.63267297982344,0.975435574278368,allin,0,1.1911427974700928
11,0,6,5,deal,False,♦A ♥5,,60000,0.1997048941798827,0.32587343204624813,4683,0,6683,0,0,0,80,80,80,1,0.3816041118837416,422.58487794159953,0,19.21706908977282,-0.2367917762325168,check,0,0.2634541988372803
11,1,6,5,deal,False,♦A ♥5,,60000,0.1997048941798827,0.32587343204624813,4603,0,6603,0,80,80,240,320,320,1,0.3816041118837416,417.5262530373158,0,126.33994740839194,-0.2367917762325168,check,0,0.2849090099334717
11,2,6,4,flop,False,♦A ♥5,♣3 ♣Q ♦7,966,0.053657694962042785,0.2132106610347142,4363,0,6363,320,0,320,100,420,100,2,0.15107589669238802,226.3037073364615,0,158.33978334398353,-0.697848206615224,check,0,1.257194995880127
11,3,6,4,flop,False,♦A ♥5,♣3 ♣Q ♦7,2296,0.051938153310104526,0.21183981470093077,4263,0,6263,320,100,420,100,520,200,2,0.14786972539854537,217.62047586090057,0,205.20311322259766,-0.7042605492029093,check,0,1.2757751941680908
11,4,6,4,turn,False,♦A ♥5,♣3 ♣Q ♦7 ♦2,763,0.08977719528178243,0.2841377984305904,4163,0,6163,520,0,520,50,570,50,2,0.22137242727724218,514.7725840723672,0,440.1185539918142,-0.5572551454455157,check,0,1.2490291595458984
11,5,6,3,river,False,♦A ♥5,♣3 ♣Q ♦7 ♦2 ♦3,1268,0.0011829652996845426,0.03137522923427856,4113,0,6113,570,0,570,50,620,50,1,0.01820020954022159,48.76379788813235,0,-7.884715123927236,-0.9635995809195568,fold,0,1.2812070846557617
12,0,6,6,deal,False,♦Q ♦6,,60000,0.20352632275131194,0.3412498750552608,4113,0,6113,0,0,0,40,40,40,3,0.3847055989847564,390.58592253810343,0,29.24700781725616,-0.23058880203048715,check,0,0.3140749931335449
12,1,6,6,deal,False,♦Q ♦6,,60000,0.20352632275131194,0.3412498750552608,4073,0,6073,0,40,40,200,240,240,1,0.3847055989847564,388.03015010206155,0,92.37625522841489,-0.23058880203048715,check,0,0.28674888610839844
12,2,6,6,deal,False,♦Q ♦6,,60000,0.20352632275131194,0.3412498750552608,3873,0,5873,0,240,240,720,960,960,2,0.3847055989847564,375.25128792185205,0,757.2695001014647,-0.23058880203048715,check,0,0.24498295783996582
12,3,6,5,flop,False,♦Q ♦6,♦5 ♣2 ♥9,1196,0.08479654403567446,0.2701236442931104,3153,0,5153,960,0,960,40,1000,40,1,0.20697648152049164,259.48944770429983,0,1019.7195853849171,-0.5860470369590167,check,0,1.248417854309082
12,4,6,4,flop,False,♦Q ♦6,♦5 ♣2 ♥9,2880,0.10251736111111111,0.29371951130110885,3113,0,5113,960,40,1000,120,1120,160,1,0.23555169333661852,298.2205235865519,0,1170.8232794846695,-0.528896613326763,check,0,1.2762219905853271
12,5,6,4,turn,False,♦Q ♦6,♦5 ♣2 ♥9 ♥4,907,0.05632120543917677,0.19703760538156628,2993,0,4993,1120,0,1120,40,1160,40,1,0.16298527964665044,296.5294063565495,0,879.2369772071085,-0.6740294407066991,check,0,1.273737907409668
12,6,6,4,river,True,♦Q ♦6,♦5 ♣2 ♥9 ♥4 ♠K,1990,0.0,0.0,2953,0,4953,1160,0,1160,40,1200,0,6,0.0,-0.0,0,-40.0,-1.0,fold,0,1.336211919784546
13,0,6,6,deal,False,♣10 ♠4,,60000,0.13293783068784293,0.2801332685903269,2953,0,4953,0,0,0,80,80,80,1,0.28401868214939474,217.7114199177749,0,-17.51588992713316,-0.4319626357012105,fold,0,0.35494112968444824
14,0,6,6,deal,False,♥5 ♦7,,60000,0.142254761904771,0.2951660952140494,2953,0,4953,0,0,0,80,80,80,1,0.2959517089091549,228.66349977950208,0,-20.80965821816902,-0.4080965821816902,fold,0,0.2976841926574707
15,0,6,3,deal,False,♦A ♥A,,60000,0.4952829365081563,0.3712541817869255,2873,0,4873,0,80,80,0,80,80,3,0.7177730347316763,811.0297344328791,-80,200.97644972486935,0.4355460694633526,raise,0,0.27757906913757324
15,1,6,3,flop,True,♦A ♥A,♥K ♠4 ♦K,130,0.4576923076923077,0.49627309240832385,2793,0,4793,160,0,160,80,240,0,6,0.6784313971751611,1180.8187248771935,0,327.0588383050967,0.3568627943503222,bet,180,1.208014726638794
16,0,6,5,deal,False,♠10 ♥Q,,60000,0.23180277777776556,0.34862435250359963,3392,0,5392,0,40,40,280,320,320,1,0.421695446470994,388.5004226579622,-40,124.82762861215423,-0.156609107058012,check,0,0.25931811332702637
16,1,6,5,deal,False,♠10 ♥Q,,60000,0.23180277777776556,0.34862435250359963,3112,0,5112,0,320,320,960,1280,1280,1,0.421695446470994,368.3260683656348,0,659.3105144486169,-0.156609107058012,check,0,0.26743507385253906
16,2,6,5,flop,True,♠10 ♥Q,♣5 ♣K ♦9,199,0.1306532663316583,0.32948120538262327,2152,0,4152,1280,0,1280,80,1360,0,6,0.27869315233811587,294.5427655182313,0,1598.84754968481,-0.44261369532376826,check,0,1.2143232822418213
16,3,6,5,flop,False,♠10 ♥Q,♣5 ♣K ♦9,1159,0.14725337935001437,0.3464238338512289,2152,0,4152,1280,0,1280,80,1360,80,2,0.3029089727806108,325.3310132731385,0,1793.189087675297,-0.3941820544387784,check,0,1.2591049671173096
16,4,6,5,turn,True,♠10 ♥Q,♣5 ♣K ♦9 ♣2,221,0.09049773755656108,0.28689352912483906,2072,0,4072,1360,0,1360,80,1440,0,6,0.22575601453791017,347.7932374408859,0,1334.1356750654693,-0.5484879709241797,check,0,1.2330548763275146
16,5,6,5,turn,False,♠10 ♥Q,♣5 ♣K ♦9 ♣2,1450,0.06620689655172414,0.24655437664355653,2072,0,4072,1360,0,1360,780,2140,780,2,0.1834318433654707,275.44851836590095,0,783.5730328472721,-0.6331363132690586,check,0,1.3058760166168213
16,6,6,5,river,True,♠10 ♥Q,♣5 ♣K ♦9 ♣2 ♣Q,401,0.0024937655860349127,0.04987531172069826,1292,0,3292,2140,0,2140,80,2220,0,6,0.027550691436912203,39.94192862387495,0,157.0461491231926,-0.9448986171261756,check,0,1.2298240661621094
17,0,6,5,deal,False,♦6 ♦9,,60000,0.19076679894179088,0.33783565333358145,1292,0,3292,0,0,0,320,320,320,1,0.36953885669938846,199.79363842758812,0,19.9757481634374,-0.2609222866012231,check,0,0.2813832759857178
17,1,6,5,deal,False,♦6 ♦9,,60000,0.19076679894179088,0.33783565333358145,972,0,2972,0,320,320,872,1192,1192,1,0.36953885669938846,180.37262861688697,0,465.73066125178616,-0.2609222866012231,check,0,0.24063706398010254
17,2,6,5,flop,True,♦6 ♦9,♣3 ♦10 ♥9,432,0.17322530864197533,0.37236134583192265,100,0,2100,1192,0,1192,80,1272,0,6,0.3383525436638234,188.34202042078385,0,1632.0638709389464,-0.3232949126723532,check,0,1.2056879997253418
17,3,6,5,turn,False,♦6 ♦9,♣3 ♦10 ♥9 ♦4,432,0.2638888888888889,0.4407397681284008,100,0,2100,1192,0,1192,80,1272,80,1,0.47211450862351645,447.85022458148126,0,2346.6685743248745,-0.0557709827529671,check,0,1.2189569473266602
17,4,6,5,river,True,♦6 ♦9,♣3 ♦10 ♥9 ♦4 ♥4,567,0.06643151087595532,0.2327656307998418,20,0,2020,1272,0,1272,20,1292,0,6,0.1919193836010829,186.94152745850667,0,970.3040193815878,-0.6161612327978342,check,0,1.22273588180542
18,0,5,4,deal,False,♣3 ♦Q,,60000,0.17700899470895837,0.29784823807985,20,0,2020,0,0,0,20,20,80,1,0.3487633370891998,113.97883061886313,0,28.826867192487974,-0.30247332582160036,check,0,0.2591719627380371
19,0,5,5,deal,False,♥6 ♦2,,60000,0.12474417989418697,0.26519108464037644,1000,1,2000,0,0,0,160,160,160,1,0.27178491347888534,83.45293932974968,0,-51.28603460844586,-0.4564301730422293,fold,0,0.31326889991760254
20,0,5,5,deal,False,♠3 ♣K,,60000,0.1945006613756056,0.3085936349937531,840,1,1840,0,160,160,840,1000,1280,1,0.36865961702753636,111.33344224110836,-160,413.4426978936235,-0.2626807659449273,check,0,0.2663428783416748
21,0,5,5,deal,False,♠6 ♣9,,60000,0.1795342592592253,0.30279593955025685,920,2,920,0,80,80,920,1000,1280,1,0.3503248354834295,52.201717754529774,-80,271.1044406436604,-0.29935032903314096,check,0,0.25990724563598633
