﻿round_id,turn,N,Nnf,roundName,first,hole,board,Nsim,prWin,prWinStd,chips,reld,chips_total,pot,bet,cost_on_table,cost_to_call,cost_total,maxBet_all,N_maxBet_all,prWin_adj,limitBet,util_fold,util_call,util_raise_coeff,action,amount,cputime
1,0,8,8,deal,False,♠2 ♠5,,60000,0.12475694444444642,0.3100306962539811,1000,0,3000,0,0,0,20,20,20,1,0.3098050863078525,146.3436373418526,0,-4.509745684607376,-0.38038982738429505,fold,0,0.44701194763183594
2,0,8,4,deal,False,♠J ♠5,,60000,0.14631805555555485,0.3260319756690031,980,0,2980,0,20,20,48,68,68,2,0.3460030618955253,166.48875348014707,-20,29.504685864597676,-0.30799387620894936,check,0,0.39350104331970215
2,1,8,4,flop,False,♠J ♠5,♥8 ♦4 ♣9,1105,0.025339366515837104,0.1441378312344202,932,0,2932,68,0,68,50,118,50,1,0.1067479253485196,71.87206680054676,0,-10.289771770350711,-0.7865041493029608,fold,0,1.3390429019927979
3,0,8,5,deal,False,♠A ♠2,,60000,0.18003564814815207,0.3532968029778765,922,0,2922,0,10,10,10,20,20,4,0.39903942008017695,195.76072670882346,-10,29.903942008017694,-0.2019211598396461,check,0,0.4001779556274414
3,1,8,5,flop,True,♠A ♠2,♦4 ♠5 ♥Q,363,0.18044077134986225,0.373961234603265,912,0,2912,20,0,20,20,40,0,8,0.37991550078210645,302.191525923762,0,25.589860093852778,-0.2401689984357871,check,0,1.265606164932251
3,2,8,4,flop,False,♠A ♠2,♦4 ♠5 ♥Q,1494,0.16181392235609104,0.36242125206336406,912,0,2912,20,0,20,20,40,20,1,0.35284698517662033,275.17383898953045,0,29.398577924726844,-0.29430602964675934,check,0,1.3089659214019775
3,3,8,2,turn,True,♠A ♠2,♦4 ♠5 ♥Q ♠K,467,0.22376873661670235,0.41483767115863823,892,0,2892,40,0,40,20,60,0,8,0.42360116727572616,531.8776802812195,0,47.77618676411619,-0.15279766544854767,check,0,1.2713737487792969
3,4,8,2,turn,False,♠A ♠2,♦4 ♠5 ♥Q ♠K,1488,0.2493279569892473,0.43067786026905724,892,0,2892,40,0,40,20,60,20,1,0.45676261084961334,589.0793642307859,0,62.217269952930394,-0.08647477830077333,check,0,1.3053021430969238
3,5,8,2,river,True,♠A ♠2,♦4 ♠5 ♥Q ♠K ♠Q,355,0.780281690140845,0.4140557621526252,872,0,2872,60,0,60,20,80,0,8,0.9774728148896448,4731.025703512789,0,175.49456297792895,0.9549456297792895,check,0,1.3021430969238281
3,6,8,2,river,False,♠A ♠2,♦4 ♠5 ♥Q ♠K ♠Q,1120,0.7821428571428571,0.41278978689311746,872,0,2872,60,0,60,20,80,20,1,0.9787310701388325,4802.71452457334,0,195.32083543054316,0.9574621402776651,allin,0,1.2753851413726807
4,0,8,6,deal,False,♣J ♣5,,60000,0.14631805555555485,0.3260319756690031,1072,0,3072,0,0,0,20,20,20,4,0.3495373097953478,173.81872193538672,0,18.449104077488258,-0.3009253804093044,check,0,0.38868284225463867
4,1,8,6,deal,False,♣J ♣5,,60000,0.14631805555555485,0.3260319756690031,1052,0,3052,0,20,20,20,40,40,3,0.3495373097953478,172.68708963111987,0,56.898208154976516,-0.3009253804093044,check,0,0.3716888427734375
4,2,8,6,deal,False,♣J ♣5,,60000,0.14631805555555485,0.3260319756690031,1032,0,3032,0,40,40,32,72,72,3,0.3495373097953478,171.55545732685306,0,100.12510310264148,-0.3009253804093044,check,0,0.37221312522888184
4,3,8,6,flop,False,♣J ♣5,♦4 ♦8 ♥4,1033,0.018393030009680542,0.12043751221945842,1000,0,3000,72,0,72,44,116,44,1,0.08824352408797444,60.18171502450168,0,7.5342180673770685,-0.8235129518240512,check,0,1.3386609554290771
4,4,8,6,flop,False,♣J ♣5,♦4 ♦8 ♥4,2158,0.018999073215940687,0.123449990746823,956,0,2956,72,44,116,132,248,176,1,0.08996909572209902,60.51502355058362,0,-33.753747471467875,-0.820061808555802,fold,0,1.3079349994659424
5,0,8,7,deal,False,♣J ♥7,,60000,0.12079583333333102,0.2935203275692848,956,0,2956,0,0,0,34,34,34,2,0.30981195136076056,144.20113223553372,0,13.091416606835608,-0.3803760972784789,check,0,0.4071638584136963
5,1,8,6,deal,False,♣J ♥7,,60000,0.12079583333333102,0.2935203275692848,922,0,2922,0,34,34,6,40,40,4,0.30981195136076056,142.54252651969878,0,66.49599661841798,-0.3803760972784789,check,0,0.37161803245544434
5,2,8,6,deal,False,♣J ♥7,,60000,0.12079583333333102,0.2935203275692848,916,0,2916,0,40,40,20,60,60,3,0.30981195136076056,142.24983139337496,0,87.81455907354467,-0.3803760972784789,check,0,0.4612910747528076
5,3,8,5,flop,False,♣J ♥7,♥4 ♠A ♦10,1305,0.044444444444444446,0.19029228487360714,896,0,2896,60,0,60,77,137,77,1,0.15374138862553854,104.97550972632847,0,6.789056800918502,-0.6925172227489229,check,0,1.3402459621429443
5,4,8,3,flop,False,♣J ♥7,♥4 ♠A ♦10,2537,0.04779266850610958,0.200815548092414,819,0,2819,60,77,137,32,169,109,2,0.1609330681379397,107.40868438020419,0,78.56101781076457,-0.6781338637241205,check,0,1.3204140663146973
5,5,8,3,turn,True,♣J ♥7,♥4 ♠A ♦10 ♦6,1383,0.006507592190889371,0.08040673749609822,787,0,2787,169,0,169,20,189,0,8,0.04507477355945339,42.90860027776242,0,11.867864906533548,-0.9098504528810932,check,0,1.3446860313415527
5,6,8,2,river,True,♣J ♥7,♥4 ♠A ♦10 ♦6 ♠Q,1043,0.0,0.0,787,0,2787,169,0,169,20,189,0,8,0.0,-0.0,0,-20.0,-1.0,fold,0,1.3206589221954346
6,0,8,7,deal,False,♥J ♠A,,60000,0.1985981481481558,0.3571181604626939,787,0,2787,0,0,0,20,20,20,3,0.42799138671111947,204.8206295179172,0,18.51922480400075,-0.14401722657776106,check,0,0.39476990699768066
6,1,8,7,deal,False,♥J ♠A,,60000,0.1985981481481558,0.3571181604626939,767,0,2767,0,20,20,60,80,80,5,0.42799138671111947,203.35080081667633,0,162.55552108978213,-0.14401722657776106,check,0,0.3830232620239258
6,2,8,7,deal,False,♥J ♠A,,60000,0.1985981481481558,0.3571181604626939,707,0,2707,0,80,80,707,787,965,2,0.42799138671111947,198.94131471295367,0,729.767085189228,-0.14401722657776106,check,0,0.3767409324645996
7,0,8,8,deal,False,♠Q ♦J,,60000,0.18425000000000305,0.34875735265690494,1000,1,2000,0,0,0,20,20,20,3,0.4052321248285753,136.7164170526599,0,16.470891234571774,-0.18953575034284942,check,0,0.3976478576660156
7,1,8,4,flop,False,♠Q ♦J,♦9 ♣A ♣6,1312,0.051448170731707314,0.21961240884477587,980,1,1980,20,0,20,62,82,62,1,0.1684845863950191,79.32839899597566,0,-19.03643046927013,-0.6630308272099619,fold,0,1.3587431907653809
8,0,8,7,deal,False,♣6 ♦10,,60000,0.11008425925925759,0.2837423597288151,980,1,1980,0,0,0,20,20,20,1,0.2869262944488907,88.09185144722518,0,-5.653685277555466,-0.42614741110221865,fold,0,0.4077632427215576
9,0,8,8,deal,False,♥7 ♣2,,60000,0.0732685185185185,0.23858390966755852,980,1,1980,0,0,0,40,40,40,1,0.21919149859594722,64.45316292871695,0,-18.08085014040528,-0.5616170028081056,fold,0,0.42888903617858887
10,0,8,6,deal,False,♥4 ♦10,,60000,0.09783981481481384,0.26908672753896073,940,1,1940,0,40,40,40,80,80,4,0.2657001504389756,78.82555694174235,-40,76.90806619314927,-0.4685996991220488,check,0,0.40101122856140137
10,1,8,6,deal,False,♥4 ♦10,,60000,0.09783981481481384,0.26908672753896073,900,1,1900,0,80,80,240,320,320,4,0.2657001504389756,77.20028772644868,0,227.63226477259707,-0.4685996991220488,check,0,0.3761169910430908
10,2,8,6,deal,False,♥4 ♦10,,60000,0.09783981481481384,0.26908672753896073,660,1,1660,0,320,320,320,640,640,4,0.2657001504389756,67.44867243468674,0,669.9987605356231,-0.4685996991220488,check,0,0.3647911548614502
10,3,8,6,flop,False,♥4 ♦10,♠3 ♣6 ♠J,1067,0.027647610121836926,0.15540173422980175,340,1,1340,640,0,640,340,980,503,1,0.11800300439055875,36.53703913055891,0,199.15572706046294,-0.7639939912188825,check,0,1.3302288055419922
11,0,7,5,deal,False,♥9 ♠5,,60000,0.11316805555553121,0.2743547920629393,980,2,980,0,20,20,20,40,40,4,0.2937429820859067,44.839483248394444,-20,38.74859641718134,-0.4125140358281866,check,0,0.3891587257385254
11,1,7,5,flop,True,♥9 ♠5,♣4 ♣3 ♣Q,542,0.03551660516605166,0.1631135706559713,960,2,960,40,0,40,40,80,0,7,0.1370283919523362,30.72167636737307,0,-7.113185931439311,-0.7259432160953276,fold,0,1.2769911289215088
12,0,7,4,deal,False,♣9 ♥3,,60000,0.09617519841268246,0.254227787449255,960,2,960,0,0,0,40,40,40,1,0.26570322922644607,39.006990724708885,0,-3.0672511375239964,-0.46859354154710786,fold,0,0.38535618782043457
13,0,7,6,deal,False,♥A ♦4,,60000,0.16868948412697518,0.32158140984529654,960,2,960,0,0,0,132,132,132,1,0.3858863908107585,61.581151149069626,0,30.844056922140084,-0.22822721837848303,check,0,0.3796579837799072
13,1,7,5,flop,False,♥A ♦4,♦7 ♦9 ♦10,1240,0.04042338709677419,0.19038953290028826,828,2,828,132,0,132,599,731,599,3,0.15121986545158325,29.478784518727746,0,-142.01356660531542,-0.6975602690968334,fold,0,1.3336820602416992
14,0,6,5,deal,False,♣J ♠10,,60000,0.2307108465608323,0.3500435894751926,828,2,828,0,0,0,40,40,40,1,0.47295129157797944,69.76839849763873,0,7.295129157797945,-0.054097416844041124,check,0,0.388775110244751
14,1,6,3,deal,False,♣J ♠10,,60000,0.2307108465608323,0.3500435894751926,788,2,788,0,40,40,79,119,119,2,0.47295129157797944,66.39794446393638,0,89.84361109333867,-0.054097416844041124,check,0,0.35530710220336914
14,2,6,3,flop,True,♣J ♠10,♥A ♥K ♣7,1133,0.15081641659311562,0.3500844093751415,709,2,709,119,0,119,40,159,0,6,0.3541956682980443,67.31921191314717,0,100.61568031432358,-0.29160866340391145,check,0,1.323380947113037
14,3,6,3,turn,False,♣J ♠10,♥A ♥K ♣7 ♣9,1061,0.16588124410933083,0.37006877247191083,709,2,709,119,0,119,72,191,72,1,0.35029518309231844,102.06090176168789,0,117.50969405294427,-0.2994096338153631,check,0,1.3215878009796143
14,4,6,3,turn,False,♣J ♠10,♥A ♥K ♣7 ♣9,2179,0.15901789811840294,0.3633321252972943,637,2,637,119,72,191,142,333,214,1,0.34031778777210764,88.45587683421009,0,176.19713156692063,-0.3193644244557847,check,0,1.3092689514160156
14,5,6,3,river,False,♣J ♠10,♥A ♥K ♣7 ♣9 ♥4,926,0.0,0.0,495,2,495,333,0,333,45,378,45,1,0.0,-0.0,0,-45.0,-1.0,fold,0,1.3094298839569092
15,0,6,6,deal,False,♥6 ♦7,,60000,0.1558227513227553,0.306818308287931,495,2,495,0,0,0,40,40,40,1,0.36255446824849313,29.324385091276874,0,-3.744553175150685,-0.27489106350301373,fold,0,0.37862300872802734
16,0,6,5,deal,False,♦4 ♦K,,60000,0.20842248677247496,0.34556532455805666,415,2,415,0,80,80,415,495,767,3,0.4379144381137743,31.454422331225377,-80,879.4750790643168,-0.12417112377245143,check,0,0.383209228515625
17,0,6,5,deal,False,♣9 ♦K,,60000,0.21013849206347995,0.3313972956554497,2435,2,2435,0,40,40,40,80,80,3,0.4382863038644659,184.76988800389879,-40,102.00476245208694,-0.12342739227106825,check,0,0.3750128746032715
17,1,6,5,deal,False,♣9 ♦K,,60000,0.21013849206347995,0.3313972956554497,2395,2,2395,0,80,80,1008,1088,1088,2,0.4382863038644659,181.73465370404006,0,494.44544964738907,-0.12342739227106825,check,0,0.3526601791381836
17,2,6,5,deal,False,♣9 ♦K,,60000,0.21013849206347995,0.3313972956554497,1387,2,1387,0,1088,1088,1088,2176,2176,2,0.4382863038644659,105.24674934760066,0,2251.74163544723,-0.12342739227106825,check,0,0.3476138114929199
17,3,6,5,flop,True,♣9 ♦K,♥2 ♥3 ♣J,372,0.036290322580645164,0.18154119652403916,299,2,299,2176,0,2176,80,2256,0,6,0.1446652985150473,10.145654246590837,0,1033.9227985658642,-0.7106694029699054,check,0,1.2717387676239014
17,4,6,4,flop,False,♣9 ♦K,♥2 ♥3 ♣J,1600,0.050625,0.2170820337453102,299,2,299,2176,0,2176,80,2256,80,1,0.17767126544723635,12.70070282791306,0,1302.2824451794988,-0.6446574691055273,check,0,1.3174278736114502
17,5,6,4,turn,True,♣9 ♦K,♥2 ♥3 ♣J ♣Q,487,0.07392197125256673,0.26164386753505503,219,2,219,2256,0,2256,80,2336,0,6,0.2061789991112788,16.879514029915125,0,1540.5669330146513,-0.5876420017774424,check,0,1.3336820602416992
17,6,6,4,turn,False,♣9 ♦K,♥2 ♥3 ♣J ♣Q,1634,0.07527539779681762,0.26383519909850633,219,2,219,2256,0,2256,80,2336,80,1,0.20864011070225152,17.10651302726776,0,1576.6024789758771,-0.582719778595497,check,0,1.3123409748077393
17,7,6,4,river,True,♣9 ♦K,♥2 ♥3 ♣J ♣Q ♣A,399,0.0,0.0,139,2,139,2336,0,2336,80,2416,0,6,0.0,-0.0,0,-80.0,-1.0,fold,0,1.2743628025054932
18,0,6,5,deal,False,♦10 ♥6,,60000,0.14865727513228177,0.29346329040224284,139,2,139,0,0,0,138,138,138,2,0.3460987023441523,7.768425110648361,0,46.816707051777314,-0.3078025953116954,check,0,0.38509488105773926
18,1,6,5,flop,False,♦10 ♥6,♠5 ♦K ♦3,1210,0.048760330578512395,0.2038671726916036,1,2,1,138,0,138,1,139,174,1,0.17400858431423902,0.041512233082955124,0,173.8786272358102,-0.6519828313715219,check,0,1.3289477825164795
