﻿round_id,turn,N,Nnf,roundName,first,hole,board,Nsim,prWin,prWinStd,chips,reld,chips_total,pot,bet,cost_on_table,cost_to_call,cost_total,maxBet_all,N_maxBet_all,prWin_adj,limitBet,util_fold,util_call,util_raise_coeff,action,amount,cputime
1,0,8,3,deal,False,♣6 ♠3,,60000,0.09267777777777765,0.26836715341484135,990,0,2990,0,10,10,10,20,20,2,0.2536168757578486,115.0683829960379,-10,5.217012545470915,-0.49276624848430284,check,0,0.354022741317749
1,1,8,3,flop,True,♣6 ♠3,♠K ♣J ♦2,207,0.04106280193236715,0.19536867395063956,980,0,2980,20,0,20,20,40,0,8,0.1451307315679486,101.46943958837284,0,-8.389541474564112,-0.7097385368641028,fold,0,1.2185320854187012
2,0,8,6,deal,False,♥K ♠8,,60000,0.13903518518518534,0.3088556212829235,980,0,2980,0,0,0,150,150,150,1,0.3293259672684914,156.6164972053111,0,8.076464288875854,-0.3413480654630172,check,0,0.2838139533996582
2,1,8,6,deal,False,♥K ♠8,,60000,0.13903518518518534,0.3088556212829235,830,0,2830,0,150,150,4,154,154,3,0.3293259672684914,148.73311647350013,0,297.6625860179381,-0.3413480654630172,check,0,0.25957703590393066
2,2,8,5,flop,False,♥K ♠8,♦2 ♠9 ♣7,1746,0.07025582283314241,0.24182412765860367,826,0,2826,154,0,154,220,374,220,3,0.2037946111738594,139.85151586507655,0,153.75931689285818,-0.5924107776522811,check,0,1.295348882675171
2,3,8,5,flop,False,♥K ♠8,♦2 ♠9 ♣7,3244,0.07161939991779695,0.24371246938624885,606,0,2606,154,220,374,606,980,880,2,0.20634896341685594,130.78264707355956,0,383.64962854724104,-0.5873020731662881,check,0,1.2880969047546387
3,0,8,8,deal,False,♥K ♣3,,60000,0.11766250000000036,0.2891020804864817,1000,1,2000,0,0,0,80,80,80,2,0.29326589453081864,91.33146336698536,0,16.777745195170155,-0.4134682109383627,check,0,0.2748720645904541
3,1,8,7,deal,False,♥K ♣3,,60000,0.11766250000000036,0.2891020804864817,920,1,1920,0,80,80,256,336,336,1,0.29326589453081864,87.67820483230595,0,92.39988270261256,-0.4134682109383627,check,0,0.2512550354003906
3,2,8,6,deal,False,♥K ♣3,,60000,0.11766250000000036,0.2891020804864817,664,1,1664,0,336,336,664,1000,1000,3,0.29326589453081864,75.98777752133182,0,736.6379122791898,-0.4134682109383627,check,0,0.251431941986084
4,0,8,6,deal,False,♦5 ♦4,,60000,0.14787129629629817,0.33387903849029565,6104,1,7104,0,0,0,40,40,40,1,0.3395563704407146,387.7234665796597,0,-2.648799251521389,-0.32088725911857074,fold,0,0.3278520107269287
5,0,8,6,deal,False,♠6 ♠2,,60000,0.1154791666666677,0.29813632672016144,6104,1,7104,0,0,0,20,20,20,1,0.28646480570252303,315.45820743998183,0,-5.676759714873848,-0.42707038859495394,fold,0,0.29408979415893555
6,0,8,8,deal,False,♠Q ♠J,,60000,0.21965972222222693,0.37805109298758294,6104,1,7104,0,0,0,40,40,40,1,0.4432284146546387,547.3170938061752,0,8.755125612010254,-0.11354317069072262,check,0,0.2839069366455078
6,1,8,7,deal,False,♠Q ♠J,,60000,0.21965972222222693,0.37805109298758294,6064,1,7064,0,40,40,4,44,44,4,0.4432284146546387,544.2353534131224,0,133.400808542938,-0.11354317069072262,check,0,0.2595639228820801
6,2,8,7,flop,True,♠Q ♠J,♦Q ♥2 ♣4,556,0.3024580335731415,0.45401657282382446,6060,1,7060,44,0,44,20,64,0,8,0.5380702091558108,1184.046819780667,0,161.86773069466406,0.07614041831162166,bet,0,1.2189621925354004
6,3,8,5,flop,False,♠Q ♠J,♦Q ♥2 ♣4,2061,0.30187611191978003,0.45311738580544997,6040,1,7040,44,20,64,1182,1246,1202,1,0.5373596866352449,1178.342973418584,0,347.32566816390704,0.07471937327048983,raise,0,1.2546038627624512
6,4,8,4,turn,True,♠Q ♠J,♦Q ♥2 ♣4 ♣A,160,0.140625,0.33620991861484395,3656,1,4656,2448,0,2448,20,2468,0,8,0.32619325710580993,613.6210543828957,0,2262.374219969352,-0.34761348578838014,check,0,1.1942322254180908
6,5,8,4,turn,False,♠Q ♠J,♦Q ♥2 ♣4 ♣A,728,0.13576007326007325,0.33549923956539274,3656,1,4656,2448,0,2448,30,2478,30,1,0.31860556562355385,596.2170012262167,0,2212.0273652929486,-0.3627888687528923,check,0,1.1973910331726074
6,6,8,4,river,True,♠Q ♠J,♦Q ♥2 ♣4 ♣A ♣2,252,0.04431216931216932,0.18341343486298764,3626,1,4626,2478,0,2478,20,2498,0,8,0.1545292792549573,337.2420046971943,0,1070.5131237022335,-0.6909414414900854,check,0,1.200551986694336
6,7,8,4,river,False,♠Q ♠J,♦Q ♥2 ♣4 ♣A ♣2,1121,0.049212013083556355,0.19453741230876415,3626,1,4626,2478,0,2478,30,2508,30,1,0.16506490885915892,362.4345440181047,0,1141.465658173451,-0.6698701822816822,check,0,1.2173829078674316
7,0,8,8,deal,False,♦5 ♣5,,60000,0.15031712962962498,0.33301579986547053,3596,1,4596,0,0,0,20,20,20,1,0.3415164968194129,252.63861416971142,0,-2.9241751590293568,-0.31696700636117425,fold,0,0.29343366622924805
8,0,8,4,deal,False,♦7 ♣5,,60000,0.10894953703703607,0.2865293166677777,3576,1,4576,0,20,20,104,124,124,1,0.2740847588962181,192.84467412460222,-20,-10.811181975285848,-0.45183048220756383,check,0,0.28180813789367676
8,1,8,4,flop,True,♦7 ♣5,♣4 ♦K ♦J,243,0.05486968449931413,0.21640074201156534,3472,1,4472,124,0,124,20,144,0,8,0.17057581139500405,181.61530640488928,0,69.72287679377213,-0.6588483772099919,check,0,1.2026708126068115
8,2,8,3,flop,False,♦7 ♣5,♣4 ♦K ♦J,1893,0.044550096848036624,0.20344893738576886,3472,1,4472,124,0,124,30,154,30,2,0.1493769538708385,157.10774382608693,0,59.02866450701974,-0.701246092258323,check,0,1.2651009559631348
8,3,8,3,turn,True,♦7 ♣5,♣4 ♦K ♦J ♣3,297,0.07687991021324354,0.2633997262843132,3442,1,4442,154,0,154,20,174,0,8,0.22012344592951788,368.6472359802472,0,115.59604269258301,-0.5597531081409642,check,0,1.2089331150054932
8,4,8,3,turn,False,♦7 ♣5,♣4 ♦K ♦J ♣3,1696,0.07861635220125784,0.26669373601781127,3442,1,4442,154,0,154,20,174,20,1,0.22333223284548287,374.76067456514113,0,122.0393000897271,-0.5533355343090343,check,0,1.2475690841674805
8,5,8,2,river,True,♦7 ♣5,♣4 ♦K ♦J ♣3 ♠K,619,0.0,0.0,3422,1,4422,174,0,174,20,194,0,8,0.0,-0.0,0,-20.0,-1.0,fold,0,1.2460618019104004
9,0,8,4,deal,False,♥Q ♥10,,60000,0.21475648148148424,0.37647439159115315,3402,1,4402,0,20,20,20,40,40,3,0.43034946547873365,325.9017166734199,-20,48.85591447659738,-0.1393010690425327,check,0,0.27112722396850586
9,1,8,4,flop,True,♥Q ♥10,♥K ♥2 ♦K,163,0.26150306748466257,0.4334131676783377,3382,1,4382,40,0,40,40,80,0,8,0.4835521562669859,628.7590075101288,0,56.710431253397175,-0.03289568746602822,check,0,1.191687822341919
9,2,8,4,flop,False,♥Q ♥10,♥K ♥2 ♦K,1056,0.2916666666666667,0.4508252113758959,3382,1,4382,40,0,40,151,191,151,1,0.521333611202116,701.0478436303208,0,141.98948949558917,0.04266722240423193,bet,0,1.2325797080993652
9,3,8,4,flop,False,♥Q ♥10,♥K ♥2 ♦K,1909,0.2992622664571329,0.4545792507616874,3231,1,4231,40,151,191,151,342,302,3,0.5306498156150636,694.9481116995329,0,574.928947761407,0.06129963123012727,bet,0,1.2205100059509277
9,4,8,4,turn,True,♥Q ♥10,♥K ♥2 ♦K ♥5,132,0.6439393939393939,0.47883342706243887,3080,1,4080,342,0,342,40,382,0,8,0.9020104433499782,3163.636856494551,0,1230.0307042367692,0.8040208866999563,allin,0,1.1937179565429688
10,0,7,5,deal,False,♣K ♣6,,60000,0.19012698412698828,0.3454845814626473,1000,2,1000,0,0,0,266,266,266,1,0.39417561625847275,65.93495093318103,0,19.777321787392736,-0.2116487674830545,check,0,0.2757420539855957
10,1,7,4,flop,False,♣K ♣6,♦K ♠Q ♥2,920,0.290036231884058,0.43589377184098727,734,2,734,266,0,266,112,378,112,2,0.5179495206854263,116.30504551710501,0,776.8013774961915,0.03589904137085265,bet,0,1.2323551177978516
10,2,7,4,flop,False,♣K ♣6,♦K ♠Q ♥2,1807,0.3006825308983583,0.44192749318878144,622,2,622,266,112,378,336,714,448,2,0.5309946096641436,102.26369358154531,0,1202.822378806688,0.06198921932828716,bet,0,1.2231380939483643
10,3,7,4,turn,False,♣K ♣6,♦K ♠Q ♥2 ♥5,699,0.2861230329041488,0.4404587391952639,286,2,286,714,0,714,118,832,118,1,0.5300788066434114,72.09736988579006,0,1735.1555080253663,0.0601576132868229,raise,0,1.2189278602600098
10,4,7,4,turn,False,♣K ♣6,♦K ♠Q ♥2 ♥5,1361,0.2847171197648788,0.44147192965838605,50,2,50,714,236,950,50,1000,472,2,0.5283123119028019,12.541811509588394,0,2295.7066648484406,0.056624623805603846,raise,0,1.2065038681030273
11,0,6,5,deal,False,♣3 ♦5,,60000,0.1262890211640296,0.28707866683596295,4068,2,4068,0,0,0,80,80,80,1,0.2973590482356767,188.87689405925283,0,-14.581009388151116,-0.40528190352864657,fold,0,0.2625260353088379
12,0,6,6,deal,False,♥A ♣6,,60000,0.19578108465607355,0.32287853643385694,4068,2,4068,0,0,0,80,80,80,1,0.398149477660924,271.7455480281449,0,7.592885085403282,-0.20370104467815198,check,0,0.279451847076416
12,1,6,6,deal,False,♥A ♣6,,60000,0.19578108465607355,0.32287853643385694,3988,2,3988,0,80,80,240,320,320,1,0.398149477660924,266.40148612002014,0,174.07545676736095,-0.20370104467815198,check,0,0.24156522750854492
12,2,6,6,deal,False,♥A ♣6,,60000,0.19578108465607355,0.32287853643385694,3748,2,3748,0,320,320,320,640,640,2,0.398149477660924,250.36930039564584,0,826.6704956634612,-0.20370104467815198,check,0,0.2658853530883789
12,3,6,6,flop,False,♥A ♣6,♥Q ♠6 ♠7,1078,0.12430426716141002,0.3271046143931655,3428,2,3428,640,0,640,40,680,40,3,0.2878258754301076,252.66726965643704,0,1111.3035017204304,-0.42434824913978475,check,0,1.2443058490753174
12,4,6,5,flop,False,♥A ♣6,♥Q ♠6 ♠7,2923,0.13097274489679553,0.334328734284185,3388,2,3388,640,40,680,186,866,226,1,0.2981829107966212,260.49664724536234,0,1191.3068649695933,-0.40363417840675764,check,0,1.282203197479248
12,5,6,5,turn,True,♥A ♣6,♥Q ♠6 ♠7 ♥10,783,0.06832694763729247,0.25167258702890094,3202,2,3202,866,0,866,40,906,0,6,0.20032179675833905,238.93787447779576,0,927.153634749261,-0.5993564064833219,check,0,1.2396559715270996
12,6,6,5,river,False,♥A ♣6,♥Q ♠6 ♠7 ♥10 ♣7,1232,0.023133116883116884,0.1441238255289188,3202,2,3202,866,0,866,40,906,40,1,0.10668188397100681,156.8783354120203,0,479.3274111708612,-0.7866362320579864,check,0,1.2504613399505615
13,0,5,5,deal,False,♦8 ♦9,,60000,0.25312142857135067,0.3563771468769909,3162,2,3162,0,0,0,40,40,40,1,0.4726953884834002,266.23245428129445,0,7.269538848340019,-0.054609223033199594,check,0,0.33244800567626953
13,1,5,4,flop,True,♦8 ♦9,♠Q ♣5 ♦Q,850,0.07421568627450979,0.25829893360280454,3122,2,3122,40,0,40,40,80,0,5,0.20319650382540194,153.9907284160755,0,0.6393007650803852,-0.5936069923491961,check,0,1.2361557483673096
13,2,5,2,flop,False,♦8 ♦9,♠Q ♣5 ♦Q,2179,0.08281704145632553,0.26897050527597993,3122,2,3122,40,0,40,50,90,50,1,0.21843281543424015,167.0795799476931,0,6.792532012902441,-0.5631343691315197,check,0,1.2468199729919434
13,3,5,2,turn,True,♦8 ♦9,♠Q ♣5 ♦Q ♦6,209,0.20574162679425836,0.4042425135958741,3072,2,3072,90,0,90,40,130,0,5,0.4141467182290203,548.29835038387,0,84.2440154687061,-0.17170656354195935,check,0,1.1994621753692627
13,4,5,2,turn,False,♦8 ♦9,♠Q ♣5 ♦Q ♦6,865,0.223121387283237,0.41564431806288393,3072,2,3072,90,0,90,50,140,50,1,0.43776280224934694,590.4914317030971,0,107.5946088097649,-0.12447439550130612,check,0,1.2049541473388672
13,5,5,2,river,True,♦8 ♦9,♠Q ♣5 ♦Q ♦6 ♠A,574,0.0,0.0,3022,2,3022,140,0,140,40,180,0,5,0.0,-0.0,0,-40.0,-1.0,fold,0,1.2177910804748535
14,0,5,3,deal,False,♦9 ♦4,,60000,0.18733240740737103,0.3219503245845374,2982,2,2982,0,40,40,20,60,60,1,0.3824214745935731,189.07913638676735,-40,41.1874359349717,-0.23515705081285376,check,0,0.25495100021362305
14,1,5,3,flop,False,♦9 ♦4,♥9 ♦7 ♦3,247,0.3353576248313091,0.46358190532600124,2962,2,2962,60,0,60,40,100,40,1,0.5659191067560868,536.7578375791269,0,107.13896775658256,0.13183821351217362,raise,0,1.2374470233917236
14,2,5,3,flop,False,♦9 ♦4,♥9 ♦7 ♦3,850,0.3674509803921569,0.4763141839641605,2882,2,2882,60,80,140,80,220,160,1,0.6028937986394781,577.975489648785,0,269.67840321089733,0.20578759727895624,check,0,1.236543893814087
14,3,5,2,turn,False,♦9 ♦4,♥9 ♦7 ♦3 ♠Q,374,0.2967914438502674,0.4489723353730799,2802,2,2802,220,0,220,40,260,40,1,0.5290170767344549,704.2416717256986,0,309.1512706447402,0.05803415346890972,raise,0,1.2033309936523438
14,4,5,2,turn,False,♦9 ♦4,♥9 ♦7 ♦3 ♠Q,866,0.28290993071593534,0.4443907528664099,2722,2,2722,220,80,300,80,380,160,1,0.5118666238966111,651.6361622581325,0,380.67996150694995,0.023733247793222167,raise,0,1.233720064163208
14,5,5,2,turn,False,♦9 ♦4,♥9 ♦7 ♦3 ♠Q,1301,0.29093005380476555,0.44830049557608787,2482,2,2482,220,320,540,320,860,640,1,0.5218073493161557,611.2277286773593,0,650.5616697280495,0.04361469863231138,check,0,1.2233667373657227
14,6,5,2,river,False,♦9 ♦4,♥9 ♦7 ♦3 ♠Q ♣J,632,0.017141350210970463,0.12373034398614917,2162,2,2162,860,0,860,40,900,40,1,0.08930461710665842,87.83528263781432,0,133.25095718691733,-0.8213907657866831,check,0,1.2641112804412842
15,0,5,2,deal,False,♦5 ♥9,,60000,0.1626771164020975,0.2909226793199351,2082,2,2082,0,40,40,40,80,80,1,0.34536717366055386,116.05245165504465,-40,15.25874778568862,-0.3092656526788923,check,0,0.30727410316467285
15,1,5,2,flop,True,♦5 ♥9,♥6 ♠10 ♠K,226,0.015486725663716814,0.10921677032918128,2042,2,2042,80,0,80,80,160,0,5,0.07531473900327348,34.72019210438763,0,-61.92446263921437,-0.8493705219934531,fold,0,1.2277581691741943
16,0,5,5,deal,False,♥J ♣9,,60000,0.24064166666658418,0.3377183311492144,2042,2,2042,0,0,0,160,160,160,2,0.45010348779114173,160.66084522720942,0,110.06209267468506,-0.09979302441771654,check,0,0.3662440776824951
16,1,5,5,deal,False,♥J ♣9,,60000,0.24064166666658418,0.3377183311492144,1882,2,1882,0,160,160,302,462,462,2,0.45010348779114173,148.07233629657597,0,537.8931082182705,-0.09979302441771654,check,0,0.34485602378845215
16,2,5,5,deal,False,♥J ♣9,,60000,0.24064166666658418,0.3377183311492144,1580,2,1580,0,462,462,398,860,860,2,0.45010348779114173,124.31152569000533,0,1179.1626212201606,-0.09979302441771654,check,0,0.2409658432006836
16,3,5,5,flop,False,♥J ♣9,♥2 ♣6 ♦A,687,0.029839883551673944,0.16690644638397859,1182,2,1182,860,0,860,90,950,90,2,0.11160671905551936,30.37428823568296,0,375.6232318996268,-0.7767865618889613,check,0,1.2615320682525635
16,4,5,4,turn,False,♥J ♣9,♥2 ♣6 ♦A ♦K,1013,0.00839091806515301,0.08985387499367113,1092,2,1092,950,0,950,90,1040,90,1,0.05353031429090656,20.054475535840663,0,142.96392779402535,-0.8929393714181869,check,0,1.2371001243591309
16,5,5,4,river,False,♥J ♣9,♥2 ♣6 ♦A ♦K ♣3,1220,0.0,0.0,1002,2,1002,1040,0,1040,90,1130,90,1,0.0,-0.0,0,-90.0,-1.0,fold,0,1.285050868988037
17,0,5,4,deal,False,♣4 ♦2,,60000,0.12966388888889582,0.2761603350570521,1002,2,1002,0,0,0,80,80,80,1,0.29259152694257606,45.63133396749239,0,-21.481694611484784,-0.4148169461148479,fold,0,0.33040904998779297
18,0,5,5,deal,False,♥4 ♠3,,60000,0.14121005291005528,0.2862246625185476,1002,2,1002,0,0,0,80,80,80,1,0.30836434061755524,48.60388088083712,0,-18.32713187648895,-0.3832713187648895,fold,0,0.27444911003112793
19,0,5,2,deal,False,♥4 ♥J,,60000,0.21164695767190111,0.33468404312838756,922,2,922,0,80,80,40,120,120,1,0.40975774667139253,63.95278670340998,-80,58.34185920113421,-0.18048450665721494,check,0,0.25383996963500977
19,1,5,2,flop,False,♥4 ♥J,♠2 ♣3 ♠8,673,0.04952947003467062,0.20684232536665176,882,2,882,120,0,120,80,200,80,1,0.15131602918867954,31.42301413853392,0,-19.473588324528187,-0.6973679416226409,fold,0,1.2218141555786133
20,0,5,4,deal,False,♣6 ♥2,,60000,0.12474417989418697,0.26519108464037644,802,2,802,0,80,80,240,320,320,2,0.28334991499678297,35.1537733566596,-80,77.35190479639692,-0.43330017000643406,check,0,0.2745208740234375
20,1,5,4,flop,True,♣6 ♥2,♥7 ♦8 ♣Q,295,0.02259887005649717,0.13742872529907868,562,2,562,320,0,320,160,480,0,5,0.0931511511745453,11.932691404681579,0,-25.862342308654775,-0.8136976976509094,fold,0,1.207834243774414
21,0,5,5,deal,False,♦3 ♥J,,60000,0.1644267195766948,0.2907717923521734,562,2,562,0,0,0,160,160,160,3,0.34049133310892377,30.777689115870388,0,85.15375983842512,-0.31901733378215247,check,0,0.25573110580444336
21,1,5,3,flop,False,♦3 ♥J,♦7 ♦5 ♦Q,1289,0.025989138867339022,0.15803256984754008,402,2,402,160,0,160,340,500,340,1,0.1022378632011817,9.414581706574975,0,-171.30752571805021,-0.7955242735976367,fold,0,1.317077875137329
22,0,5,5,deal,False,♣4 ♥J,,60000,0.17147817460314357,0.2955494699430346,402,2,402,0,0,0,160,160,160,2,0.34863351977103846,22.672374078239415,0,35.23477107178152,-0.3027329604579231,check,0,0.32675886154174805
22,1,5,5,deal,False,♣4 ♥J,,60000,0.17147817460314357,0.2955494699430346,242,2,242,0,160,160,242,402,640,1,0.34863351977103846,13.648543599338154,0,400.1829434182529,-0.3027329604579231,check,0,0.328840970993042
