﻿round_id,turn,N,Nnf,roundName,first,hole,board,Nsim,prWin,prWinStd,chips,reld,chips_total,pot,bet,cost_on_table,cost_to_call,cost_total,maxBet_all,N_maxBet_all,prWin_adj,limitBet,util_fold,util_call,util_raise_coeff,action,amount,cputime
1,0,6,5,deal,False,♦A ♠A,,60000,0.4952829365081563,0.3712541817869255,346,1,1346,0,0,0,160,160,160,2,0.7052735910112539,216.34518806183206,0,263.16415460675233,0.41054718202250773,raise,0,0.37337327003479004
1,1,6,5,deal,False,♦A ♠A,,60000,0.4952829365081563,0.3712541817869255,26,1,1026,0,320,320,26,346,640,2,0.7052735910112539,164.91096801741432,0,1572.1499572315013,0.41054718202250773,raise,0,0.34865617752075195
1,2,8,5,deal,False,♠3 ♥10,,60000,0.0920194444444443,0.2612436516528152,990,0,2990,0,10,10,30,40,40,3,0.21197660417887085,93.71258572347735,-10,8.155788752196756,-0.5760467916422582,check,0,0.38957810401916504
1,3,8,5,flop,True,♠3 ♥10,♠5 ♣10 ♦9,313,0.21884984025559107,0.3960351392896313,960,0,2960,40,0,40,20,60,0,8,0.3907407120230496,318.49280527546597,0,65.96295664507092,-0.21851857595390078,check,0,1.2660400867462158
1,4,8,5,flop,False,♠3 ♥10,♠5 ♣10 ♦9,1715,0.17667638483965015,0.3676419134390883,960,0,2960,40,0,40,40,80,40,1,0.3352339516020028,262.4501306872659,0,67.2748645126409,-0.3295320967959944,check,0,1.3850972652435303
1,5,8,3,flop,False,♠3 ♥10,♠5 ♣10 ♦9,3216,0.18159203980099503,0.3764621503547686,920,0,2920,40,40,80,35,115,75,1,0.34185964967498694,265.2549636623852,0,107.21361426479456,-0.3162807006500261,check,0,1.3592591285705566
1,6,8,2,flop,False,♠3 ♥10,♠5 ♣10 ♦9,4560,0.18026315789473685,0.3741433736968433,885,0,2885,40,75,115,885,1000,960,1,0.3400728625445808,260.377037682093,0,-131.7386094637535,-0.3198542749108384,fold,0,1.3281018733978271
2,0,8,7,deal,False,♠4 ♣6,,60000,0.10539212962962843,0.2852358322571749,885,0,2885,0,0,0,40,40,40,4,0.23128591849421012,99.83806468362883,0,13.19576125366833,-0.5374281630115798,check,0,0.4312582015991211
2,1,8,6,flop,False,♠4 ♣6,♠3 ♣J ♦9,1498,0.04172229639519359,0.19359289396822807,845,0,2845,40,0,40,160,200,160,1,0.12563451782748342,82.94170125838438,0,-56.9796953814636,-0.7487309643450332,fold,0,1.3634190559387207
3,0,8,7,deal,False,♠6 ♣8,,60000,0.11605277777777583,0.29349389569382583,845,0,2845,0,0,0,45,45,45,3,0.2457694984544455,105.57336951414145,0,6.611594675433558,-0.508461003091109,check,0,0.42107319831848145
3,1,8,5,flop,False,♠6 ♣8,♣Q ♣7 ♥5,965,0.28186528497409324,0.4372539238722413,800,0,2800,45,0,45,96,141,96,1,0.4720378729560686,388.35612218006395,0,105.56017175224127,-0.055924254087862835,check,0,1.3335707187652588
3,2,8,4,turn,False,♠6 ♣8,♣Q ♣7 ♥5 ♣6,1161,0.15762273901808785,0.3348223059134511,704,0,2704,141,0,141,704,845,859,3,0.30771589538369437,331.94552934113364,0,496.09199199640807,-0.38456820923261126,check,0,1.3952219486236572
4,0,8,8,deal,False,♣9 ♠3,,60000,0.08307083333333302,0.2495793366578739,3435,0,5435,0,0,0,20,20,20,4,0.19346653613567125,153.74210576477526,0,1.2813189749238383,-0.6130669277286576,check,0,0.44525718688964844
4,1,8,8,deal,False,♣9 ♠3,,60000,0.08307083333333302,0.2495793366578739,3415,0,5415,0,20,20,140,160,160,5,0.19346653613567125,153.17635744549366,0,68.94385902652493,-0.6130669277286576,check,0,0.3617720603942871
4,2,8,8,deal,False,♣9 ♠3,,60000,0.08307083333333302,0.2495793366578739,3275,0,5275,0,160,160,160,320,320,6,0.19346653613567125,149.21611921052246,0,329.4703364232482,-0.6130669277286576,check,0,0.43752384185791016
4,3,8,8,flop,False,♣9 ♠3,♦8 ♣6 ♥2,1406,0.04214082503556188,0.1807614999256336,3115,0,5115,320,0,320,654,974,654,1,0.12751224437889697,151.5079857963228,0,-156.95727141105965,-0.7449755112422061,fold,0,1.347276210784912
5,0,8,6,deal,False,♥9 ♥3,,60000,0.12371620370370365,0.30463337507363175,3115,0,5115,0,0,0,20,20,20,1,0.25377291820630943,196.9884563057226,0,-7.311354089684528,-0.49245416358738114,fold,0,0.4034769535064697
6,0,8,7,deal,False,♦2 ♠5,,60000,0.09019027777777766,0.2658613541499918,3115,0,5115,0,0,0,20,20,20,1,0.20190740411981734,151.77004282113424,0,-9.904629794009134,-0.5961851917603653,fold,0,0.4421548843383789
7,0,8,8,deal,False,♠J ♣10,,60000,0.17868287037036984,0.34798819660424934,3115,0,5115,0,0,0,20,20,20,1,0.3261711908217522,265.66523924563484,0,-3.691440458912389,-0.34765761835649556,fold,0,0.45940399169921875
8,0,7,6,deal,False,♠Q ♥4,,60000,0.12815059523806233,0.28584500213274266,3095,0,5095,0,20,20,3095,3115,4990,1,0.2585109874939278,200.4878636701575,-20,-547.6327292348356,-0.4829780250121444,fold,0,0.40101099014282227
9,0,7,5,deal,False,♠2 ♦8,,60000,0.0872230158730052,0.24374874237054167,3095,0,5095,0,0,0,133,133,133,2,0.19867684287566098,148.46875145778958,0,-41.807329120071614,-0.602646314248678,fold,0,0.3919532299041748
10,0,7,6,deal,False,♥2 ♣2,,60000,0.14526845238093483,0.3283799918303511,3095,0,5095,0,0,0,122,122,122,2,0.28621697014471015,226.01434041263542,0,-0.0715707183534704,-0.4275660597105797,fold,0,0.37204623222351074
11,0,7,7,deal,False,♦6 ♠5,,60000,0.12737261904759148,0.2963601489785047,3095,0,5095,0,0,0,40,40,40,3,0.2623955343437,204.00877237877685,0,7.231196181865997,-0.4752089313126,check,0,0.4252338409423828
11,1,7,6,deal,False,♦6 ♠5,,60000,0.12737261904759148,0.2963601489785047,3055,0,5055,0,40,40,133,173,173,3,0.2623955343437,202.40713334145573,0,111.55263800832839,-0.4752089313126,check,0,0.3711669445037842
11,2,7,5,deal,False,♦6 ♠5,,60000,0.12737261904759148,0.2963601489785047,2922,0,4922,0,173,173,40,213,213,3,0.2623955343437,197.08168354236304,0,274.3498501437526,-0.4752089313126,check,0,0.3645060062408447
11,3,7,4,flop,True,♦6 ♠5,♦Q ♠9 ♥7,1141,0.1165644171779141,0.31166380267392263,2882,0,4882,213,0,213,40,253,0,7,0.25548958603387006,312.76343359036315,0,286.51569095128593,-0.48902082793225987,check,0,1.3481149673461914
11,4,7,4,turn,False,♦6 ♠5,♦Q ♠9 ♥7 ♥4,1322,0.14863842662632376,0.35493340575006876,2882,0,4882,213,0,213,50,263,50,1,0.3077591323846675,599.4205984456314,0,361.78171913068513,-0.384481735230665,check,0,1.3430969715118408
11,5,7,4,river,False,♦6 ♠5,♦Q ♠9 ♥7 ♥4 ♠10,1245,0.0,0.0,2832,0,4832,263,0,263,112,375,112,1,0.0,-0.0,0,-112.0,-1.0,fold,0,1.3370461463928223
12,0,7,6,deal,False,♣2 ♥3,,60000,0.08586726190475408,0.24877532319131704,2832,0,4832,0,0,0,40,40,40,1,0.20073611776857458,142.44069619993815,0,-19.926388223142542,-0.5985277644628508,fold,0,0.44338083267211914
13,0,7,7,deal,False,♠2 ♠Q,,60000,0.1612192460317334,0.32751840885900624,2832,0,4832,0,0,0,40,40,40,1,0.3138284644215995,239.42745233078767,0,-8.617153557840048,-0.372343071156801,fold,0,0.42415785789489746
14,0,7,4,deal,False,♦9 ♠3,,60000,0.09617519841268246,0.254227787449255,2792,0,4792,0,40,40,82,122,122,3,0.2200043687462141,156.64635613410294,-40,25.36213194815248,-0.5599912625075718,check,0,0.3949770927429199
14,1,7,4,flop,False,♦9 ♠3,♣9 ♥9 ♦10,631,0.5443740095087163,0.4731415855305986,2710,0,4710,122,0,122,50,172,50,1,0.7636830841657999,1475.4197223579263,0,399.04565348949035,0.5273661683315998,check,0,1.2843959331512451
14,2,7,4,turn,False,♦9 ♠3,♣9 ♥9 ♦10 ♦4,779,0.6078305519897305,0.47049291830829676,2660,0,4660,172,0,172,50,222,50,1,0.8309278456613409,2764.8740526870083,0,604.7711423811367,0.6618556913226818,bet,566,1.2994177341461182
14,3,7,4,turn,False,♦9 ♠3,♣9 ♥9 ♦10 ♦4,2102,0.6196479543292103,0.463284995857189,2094,0,4094,172,566,738,267,1005,833,1,0.8414837108503548,2517.1575418190937,0,2665.5707323134866,0.6829674217007096,bet,2480,1.3280339241027832
15,0,7,5,deal,False,♠10 ♦7,,60000,0.1436797619047313,0.30436244264229223,7366,0,9366,0,40,40,120,160,160,3,0.29275476737588313,426.8143923003174,-40,90.78343251063586,-0.41449046524823374,check,0,0.3909931182861328
15,1,7,5,flop,True,♠10 ♦7,♣3 ♥3 ♥8,456,0.031524122807017545,0.15241992242296776,7246,0,9246,160,0,160,80,240,0,7,0.10898517656295797,231.6819719814465,0,15.906955375403015,-0.782029646874084,check,0,1.2728147506713867
15,2,7,5,flop,False,♠10 ♦7,♣3 ♥3 ♥8,1576,0.03759517766497462,0.1800948631220168,7246,0,9246,160,0,160,80,240,80,4,0.1219213635570873,261.04504120220946,0,66.30563626850477,-0.7561572728858255,check,0,1.3108282089233398
15,3,7,5,turn,True,♠10 ♦7,♣3 ♥3 ♥8 ♣10,335,0.1373134328358209,0.3278920254700053,7166,0,9166,240,0,240,80,320,0,7,0.29566441270539945,1072.4210022339012,0,298.4504482629113,-0.4086711745892011,check,0,1.265312910079956
15,4,7,5,turn,False,♠10 ♦7,♣3 ♥3 ♥8 ♣10,1106,0.17314647377938516,0.3592728200917845,7166,0,9166,240,0,240,2990,3230,2990,1,0.3472304677364374,1305.051370752457,0,307.9949825606823,-0.3055390645271252,check,0,1.2788770198822021
16,0,5,5,deal,False,♦Q ♠9,,60000,0.24363849206340402,0.3361357549877694,4176,0,6176,0,0,0,80,80,80,3,0.42393484895014466,448.1411495722086,0,72.61654562205209,-0.15213030209971068,check,0,0.36707496643066406
16,1,5,5,deal,False,♦Q ♠9,,60000,0.24363849206340402,0.3361357549877694,4096,0,6096,0,80,80,80,160,160,4,0.42393484895014466,442.33621240158413,0,259.14787916011574,-0.15213030209971068,check,0,0.3493192195892334
16,2,5,5,flop,False,♦Q ♠9,♣K ♦3 ♥4,1249,0.028823058446757407,0.167308964937723,4016,0,6016,160,0,160,302,462,302,1,0.10335722027205993,142.5206774042371,0,-148.61788511626307,-0.7932855594558801,fold,0,1.3373770713806152
17,0,5,5,deal,False,♥10 ♠2,,60000,0.14837156084655304,0.2815663735849046,4016,0,6016,0,0,0,80,80,80,2,0.2958907468464731,277.67013634531935,0,2.8494091170124705,-0.4082185063070538,check,0,0.359997034072876
17,1,5,5,deal,False,♥10 ♠2,,60000,0.14837156084655304,0.2815663735849046,3936,0,5936,0,80,80,560,640,640,2,0.2958907468464731,273.97771431945074,0,150.13779243153544,-0.4082185063070538,check,0,0.3437681198120117
17,2,5,5,deal,False,♥10 ♠2,,60000,0.14837156084655304,0.2815663735849046,3376,0,5376,0,640,640,640,1280,1280,3,0.2958907468464731,248.13076013837045,0,1022.9059972771788,-0.4082185063070538,check,0,0.3499267101287842
17,3,5,5,flop,False,♥10 ♠2,♥9 ♦4 ♥4,1335,0.024719101123595506,0.1478542395469302,2736,0,4736,1280,0,1280,233,1513,233,1,0.09411435640719595,101.650243154314,0,339.7799730941946,-0.8117712871856081,check,0,1.3446199893951416
17,4,5,5,flop,False,♥10 ♠2,♥9 ♦4 ♥4,2361,0.02874841168996188,0.1598728536480277,2503,0,4503,1280,233,1513,233,1746,466,3,0.1034313472051509,106.75813643877544,0,541.0802024833494,-0.7931373055896982,check,0,1.3147273063659668
17,5,5,5,turn,False,♥10 ♠2,♥9 ♦4 ♥4 ♠8,1081,0.011100832562442183,0.10477406205193537,2270,0,4270,1746,0,1746,250,1996,250,1,0.05813458143387688,85.36897973344234,0,214.14649816807298,-0.8837308371322462,check,0,1.3205702304840088
17,6,5,5,turn,False,♥10 ♠2,♥9 ♦4 ♥4 ♠8,2268,0.010582010582010581,0.1023231725175329,2020,0,4020,1746,250,1996,250,2246,500,2,0.05651553941219524,78.06606980456864,0,268.81265180395235,-0.8869689211756095,check,0,1.3117949962615967
17,7,5,5,river,False,♥10 ♠2,♥9 ♦4 ♥4 ♠8 ♦8,721,0.0,0.0,1770,0,3770,2246,0,2246,290,2536,290,1,0.0,-0.0,0,-290.0,-1.0,fold,0,1.289553165435791
18,0,5,5,deal,False,♥Q ♦5,,60000,0.19232301587296416,0.30769475544122515,1770,0,3770,0,0,0,80,80,80,1,0.3539144519858055,216.6616482091838,0,-9.217109602838903,-0.292171096028389,fold,0,0.36724233627319336
19,0,5,5,deal,False,♥8 ♣8,,60000,0.2980276455024742,0.3379070782473882,1690,0,3690,0,80,80,240,320,320,2,0.48327128435215644,320.52450874150486,-80,378.58724397076026,-0.03345743129568712,check,0,0.4108140468597412
19,1,5,5,deal,False,♥8 ♣8,,60000,0.2980276455024742,0.3379070782473882,1450,0,3450,0,320,320,960,1280,1280,1,0.48327128435215644,299.67738622173215,0,1392.5646122262974,-0.03345743129568712,check,0,0.3345928192138672
19,2,5,5,flop,True,♥8 ♣8,♦2 ♠7 ♦3,391,0.1329923273657289,0.3395664415509514,490,0,2490,1280,0,1280,80,1360,0,5,0.28510819949665556,181.4708066712638,0,1513.1846187873111,-0.4297836010066889,check,0,1.2690691947937012
19,3,5,5,flop,False,♥8 ♣8,♦2 ♠7 ♦3,1531,0.1410842586544742,0.3481084466289085,490,0,2490,1280,0,1280,80,1360,80,2,0.29702670017855237,190.56115658179164,0,1627.3094726263191,-0.40594659964289526,check,0,1.3197259902954102
19,4,5,5,turn,True,♥8 ♣8,♦2 ♠7 ♦3 ♠4,394,0.10913705583756345,0.3118110948646183,410,0,2410,1360,0,1360,80,1440,0,5,0.24638331946050782,227.5637685689414,0,1355.9219858158397,-0.5072333610789843,check,0,1.3159737586975098
19,5,5,5,turn,False,♥8 ♣8,♦2 ♠7 ♦3 ♠4,1557,0.12845215157353887,0.33459258259810165,410,0,2410,1360,0,1360,80,1440,80,2,0.27572587772968804,259.5127299696073,0,1571.046555845372,-0.4485482445406239,check,0,1.32216215133667
19,6,5,5,river,True,♥8 ♣8,♦2 ♠7 ♦3 ♠4 ♣J,380,0.11842105263157894,0.32310603046864933,330,0,2330,1440,0,1440,80,1520,0,5,0.27524593403352043,325.75576107335047,0,1590.192327715402,-0.44950813193295913,check,0,1.265105962753296
