﻿game_id,round_id,turn_id,roundName,playerName,chips,reloadCount,position,pot,bet,action,amount
20180325182028,1,1,Deal,basic_b,1000,0,1,30,0,fold,0
20180325182028,1,2,Deal,basic_c,1000,0,2,30,0,fold,0
20180325182028,1,3,Deal,random_b,980,0,3,50,20,call,20
20180325182028,1,4,Deal,random_a,953,0,4,97,47,bet,47
20180325182028,1,5,Deal,cat9,1000,0,5,97,0,fold,0
20180325182028,1,6,Deal,cat4,953,0,D,144,47,call,47
20180325182028,1,7,Deal,tomas2,953,0,SB,181,47,call,37
20180325182028,1,8,Deal,basic_a,953,0,BB,208,47,call,27
20180325182028,1,9,Deal,random_b,953,0,3,235,47,call,27
20180325182028,1,10,Flop,tomas2,765,0,SB,423,188,bet,188
20180325182028,1,11,Flop,basic_a,953,0,BB,423,0,fold,0
20180325182028,1,12,Flop,random_b,765,0,3,611,188,call,188
20180325182028,1,13,Flop,random_a,765,0,4,799,188,call,188
20180325182028,1,14,Flop,cat4,953,0,D,799,0,fold,0
20180325182028,1,15,Turn,tomas2,483,0,SB,1081,282,bet,282
20180325182028,1,16,Turn,random_b,765,0,3,1081,0,fold,0
20180325182028,1,17,Turn,random_a,483,0,4,1363,282,call,282
20180325182028,1,18,River,tomas2,0,0,SB,1846,483,allin,483
20180325182028,1,19,River,random_a,0,0,4,2329,483,allin,483
20180325182028,2,1,Deal,basic_c,1000,0,1,30,0,fold,0
20180325182028,2,2,Deal,random_b,745,0,2,50,20,call,20
20180325182028,2,3,Deal,random_a,2329,0,3,50,0,fold,0
20180325182028,2,4,Deal,cat9,1000,0,4,50,0,fold,0
20180325182028,2,5,Deal,cat4,1933,1,5,70,20,call,20
20180325182028,2,6,Deal,tomas2,980,1,D,90,20,call,20
20180325182028,2,7,Deal,basic_a,933,0,SB,100,20,call,10
20180325182028,2,8,Deal,basic_b,960,0,BB,120,40,bet,20
20180325182028,2,9,Deal,random_b,725,0,2,140,40,call,20
20180325182028,2,10,Deal,cat4,1913,1,5,160,40,call,20
20180325182028,2,11,Deal,tomas2,960,1,D,180,40,call,20
20180325182028,2,12,Deal,basic_a,913,0,SB,200,40,call,20
20180325182028,2,13,Flop,basic_a,913,0,SB,200,0,check,0
20180325182028,2,14,Flop,basic_b,960,0,BB,200,0,check,0
20180325182028,2,15,Flop,random_b,725,0,2,200,0,check,0
20180325182028,2,16,Flop,cat4,1858,1,5,255,55,bet,55
20180325182028,2,17,Flop,tomas2,905,1,D,310,55,call,55
20180325182028,2,18,Flop,basic_a,913,0,SB,310,0,fold,0
20180325182028,2,19,Flop,basic_b,905,0,BB,365,55,call,55
20180325182028,2,20,Flop,random_b,670,0,2,420,55,call,55
20180325182028,2,21,Turn,basic_b,905,0,BB,420,0,check,0
20180325182028,2,22,Turn,random_b,597,0,2,493,73,bet,73
20180325182028,2,23,Turn,cat4,1712,1,5,639,146,raise,146
20180325182028,2,24,Turn,tomas2,905,1,D,639,0,fold,0
20180325182028,2,25,Turn,basic_b,905,0,BB,639,0,fold,0
20180325182028,2,26,Turn,random_b,524,0,2,712,146,call,73
20180325182028,2,27,River,random_b,524,0,2,712,0,check,0
20180325182028,2,28,River,cat4,1641,1,5,783,71,bet,71
20180325182028,2,29,River,random_b,453,0,2,854,71,call,71
20180325182028,3,1,Deal,random_b,407,0,1,76,46,bet,46
20180325182028,3,2,Deal,random_a,2283,0,2,122,46,call,46
20180325182028,3,3,Deal,cat9,954,0,3,168,46,call,46
20180325182028,3,4,Deal,cat4,3449,2,4,214,46,call,46
20180325182028,3,5,Deal,tomas2,859,1,5,260,46,call,46
20180325182028,3,6,Deal,basic_a,913,0,D,260,0,fold,0
20180325182028,3,7,Deal,basic_b,813,0,SB,342,92,raise,82
20180325182028,3,8,Deal,basic_c,816,0,BB,506,184,raise,164
20180325182028,3,9,Deal,random_b,269,0,1,644,184,call,138
20180325182028,3,10,Deal,random_a,2145,0,2,782,184,call,138
20180325182028,3,11,Deal,cat9,816,0,3,920,184,call,138
20180325182028,3,12,Deal,cat4,3311,2,4,1058,184,call,138
20180325182028,3,13,Deal,tomas2,721,1,5,1196,184,call,138
20180325182028,3,14,Deal,basic_b,537,0,SB,1472,368,raise,276
20180325182028,3,15,Deal,basic_c,264,0,BB,2024,736,raise,552
20180325182028,3,16,Deal,random_b,0,0,1,2293,453,allin,269
20180325182028,3,17,Deal,random_a,1593,0,2,2845,736,call,552
20180325182028,3,18,Deal,cat9,264,0,3,3397,736,call,552
20180325182028,3,19,Deal,cat4,2759,2,4,3949,736,call,552
20180325182028,3,20,Deal,tomas2,169,1,5,4501,736,call,552
20180325182028,3,21,Deal,basic_b,169,0,SB,4869,736,call,368
20180325182028,3,22,Flop,basic_b,149,0,SB,4889,20,bet,20
20180325182028,3,23,Flop,basic_c,244,0,BB,4909,20,call,20
20180325182028,3,24,Flop,random_a,1542,0,2,4960,51,bet,51
20180325182028,3,25,Flop,cat9,264,0,3,4960,0,fold,0
20180325182028,3,26,Flop,cat4,1645,2,4,6074,1114,bet,1114
20180325182028,3,27,Flop,tomas2,0,1,5,6243,169,allin,169
20180325182028,3,28,Flop,basic_b,0,0,SB,6392,169,allin,149
20180325182028,3,29,Flop,basic_c,0,0,BB,6636,264,allin,244
20180325182028,3,30,Flop,random_a,479,0,2,7699,1114,call,1063
20180325182028,3,31,Turn,random_a,440,0,2,7738,39,bet,39
20180325182028,3,32,Turn,cat4,0,2,4,9383,1645,allin,1645
20180325182028,3,33,Turn,random_a,0,0,2,9823,479,allin,440
20180325182028,4,1,Deal,random_a,980,1,1,50,20,call,20
20180325182028,4,2,Deal,cat9,264,0,2,50,0,fold,0
20180325182028,4,3,Deal,cat4,9823,2,3,50,0,fold,0
20180325182028,4,4,Deal,tomas2,980,2,4,70,20,call,20
20180325182028,4,5,Deal,basic_a,913,0,5,70,0,fold,0
20180325182028,4,6,Deal,basic_b,1000,1,D,70,0,fold,0
20180325182028,4,7,Deal,basic_c,980,1,SB,80,20,call,10
20180325182028,4,8,Deal,random_b,960,1,BB,100,40,bet,20
20180325182028,4,9,Deal,random_a,960,1,1,120,40,call,20
20180325182028,4,10,Deal,tomas2,960,2,4,140,40,call,20
20180325182028,4,11,Deal,basic_c,960,1,SB,160,40,call,20
20180325182028,4,12,Flop,basic_c,960,1,SB,160,0,check,0
20180325182028,4,13,Flop,random_b,960,1,BB,160,0,check,0
20180325182028,4,14,Flop,random_a,960,1,1,160,0,check,0
20180325182028,4,15,Flop,tomas2,960,2,4,160,0,check,0
20180325182028,4,16,Turn,basic_c,940,1,SB,180,20,bet,20
20180325182028,4,17,Turn,random_b,960,1,BB,180,0,fold,0
20180325182028,4,18,Turn,random_a,934,1,1,206,26,bet,26
20180325182028,4,19,Turn,tomas2,960,2,4,206,0,fold,0
20180325182028,4,20,Turn,basic_c,934,1,SB,212,26,call,6
20180325182028,4,21,River,basic_c,934,1,SB,212,0,check,0
20180325182028,4,22,River,random_a,894,1,1,252,40,bet,40
20180325182028,4,23,River,basic_c,934,1,SB,252,0,fold,0
20180325182028,5,1,Deal,cat9,244,0,1,50,20,call,20
20180325182028,5,2,Deal,cat4,9823,2,2,50,0,fold,0
20180325182028,5,3,Deal,tomas2,940,2,3,70,20,call,20
20180325182028,5,4,Deal,basic_a,913,0,4,70,0,fold,0
20180325182028,5,5,Deal,basic_b,960,1,5,110,40,raise,40
20180325182028,5,6,Deal,basic_c,934,1,D,110,0,fold,0
20180325182028,5,7,Deal,random_b,920,1,SB,140,40,call,30
20180325182028,5,8,Deal,random_a,1106,1,BB,160,40,call,20
20180325182028,5,9,Deal,cat9,224,0,1,180,40,call,20
20180325182028,5,10,Deal,tomas2,920,2,3,200,40,call,20
20180325182028,5,11,Flop,random_b,900,1,SB,220,20,bet,20
20180325182028,5,12,Flop,random_a,1086,1,BB,240,20,call,20
20180325182028,5,13,Flop,cat9,204,0,1,260,20,call,20
20180325182028,5,14,Flop,tomas2,900,2,3,280,20,call,20
20180325182028,5,15,Flop,basic_b,920,1,5,320,40,raise,40
20180325182028,5,16,Flop,random_b,880,1,SB,340,40,call,20
20180325182028,5,17,Flop,random_a,1065,1,BB,361,41,bet,21
20180325182028,5,18,Flop,cat9,183,0,1,382,41,call,21
20180325182028,5,19,Flop,tomas2,879,2,3,403,41,call,21
20180325182028,5,20,Flop,basic_b,919,1,5,404,41,call,1
20180325182028,5,21,Flop,random_b,879,1,SB,405,41,call,1
20180325182028,5,22,Turn,random_b,879,1,SB,405,0,check,0
20180325182028,5,23,Turn,random_a,1065,1,BB,405,0,check,0
20180325182028,5,24,Turn,cat9,153,0,1,435,30,bet,30
20180325182028,5,25,Turn,tomas2,849,2,3,465,30,call,30
20180325182028,5,26,Turn,basic_b,859,1,5,525,60,raise,60
20180325182028,5,27,Turn,random_b,819,1,SB,585,60,call,60
20180325182028,5,28,Turn,random_a,0,1,BB,1650,1065,allin,1065
20180325182028,5,29,Turn,cat9,0,0,1,1803,183,allin,153
20180325182028,5,30,Turn,tomas2,0,2,3,2652,879,allin,849
20180325182028,5,31,Turn,basic_b,0,1,5,3511,919,allin,859
20180325182028,5,32,Turn,random_b,0,1,SB,4330,879,allin,819
20180325182028,6,1,Deal,cat4,9823,2,1,30,0,fold,0
20180325182028,6,2,Deal,basic_a,913,0,2,30,0,fold,0
20180325182028,6,3,Deal,basic_b,980,2,3,50,20,call,20
20180325182028,6,4,Deal,basic_c,934,1,4,50,0,fold,0
20180325182028,6,5,Deal,random_b,980,2,D,70,20,call,20
20180325182028,6,6,Deal,random_a,4290,1,SB,100,40,bet,30
20180325182028,6,7,Deal,cat9,960,1,BB,120,40,call,20
20180325182028,6,8,Deal,basic_b,960,2,3,140,40,call,20
20180325182028,6,9,Deal,random_b,905,2,D,215,95,bet,75
20180325182028,6,10,Deal,random_a,4229,1,SB,276,101,bet,61
20180325182028,6,11,Deal,cat9,899,1,BB,337,101,call,61
20180325182028,6,12,Deal,basic_b,899,2,3,398,101,call,61
20180325182028,6,13,Deal,random_b,828,2,D,475,172,bet,77
20180325182028,6,14,Deal,random_a,4158,1,SB,546,172,call,71
20180325182028,6,15,Deal,cat9,828,1,BB,617,172,call,71
20180325182028,6,16,Deal,basic_b,828,2,3,688,172,call,71
20180325182028,6,17,Flop,random_a,4095,1,SB,751,63,bet,63
20180325182028,6,18,Flop,cat9,828,1,BB,751,0,fold,0
20180325182028,6,19,Flop,basic_b,828,2,3,751,0,fold,0
20180325182028,6,20,Flop,random_b,765,2,D,814,63,call,63
20180325182028,6,21,Turn,random_a,4095,1,SB,814,0,check,0
20180325182028,6,22,Turn,random_b,745,2,D,834,20,bet,20
20180325182028,6,23,Turn,random_a,4075,1,SB,854,20,call,20
20180325182028,6,24,River,random_a,4075,1,SB,854,0,check,0
20180325182028,6,25,River,random_b,679,2,D,920,66,bet,66
20180325182028,6,26,River,random_a,4009,1,SB,986,66,call,66
20180325182028,7,1,Deal,basic_a,873,0,1,70,40,raise,40
20180325182028,7,2,Deal,basic_b,748,2,2,150,80,raise,80
20180325182028,7,3,Deal,basic_c,774,1,3,310,160,raise,160
20180325182028,7,4,Deal,random_b,519,2,4,470,160,call,160
20180325182028,7,5,Deal,random_a,4835,1,D,630,160,call,160
20180325182028,7,6,Deal,cat9,668,1,SB,780,160,call,150
20180325182028,7,7,Deal,cat4,9663,2,BB,920,160,call,140
20180325182028,7,8,Deal,basic_a,593,0,1,1200,320,raise,280
20180325182028,7,9,Deal,basic_b,508,2,2,1440,320,call,240
20180325182028,7,10,Deal,basic_c,614,1,3,1600,320,call,160
20180325182028,7,11,Deal,random_b,519,2,4,1600,160,fold,0
20180325182028,7,12,Deal,random_a,4835,1,D,1600,160,fold,0
20180325182028,7,13,Deal,cat9,508,1,SB,1760,320,call,160
20180325182028,7,14,Deal,cat4,9503,2,BB,1920,320,call,160
20180325182028,7,15,Flop,cat9,478,1,SB,1950,30,bet,30
20180325182028,7,16,Flop,cat4,9264,2,BB,2189,239,bet,239
20180325182028,7,17,Flop,basic_a,115,0,1,2667,478,raise,478
20180325182028,7,18,Flop,basic_b,508,2,2,2667,0,fold,0
20180325182028,7,19,Flop,basic_c,0,1,3,3281,614,allin,614
20180325182028,7,20,Flop,cat9,0,1,SB,3759,508,allin,478
20180325182028,7,21,Flop,cat4,8275,2,BB,4748,1228,raise,989
20180325182028,7,22,Flop,basic_a,0,0,1,4863,593,allin,115
20180325182028,8,1,Deal,basic_b,508,2,1,30,0,fold,0
20180325182028,8,2,Deal,basic_c,42,1,2,30,0,fold,0
20180325182028,8,3,Deal,random_b,489,2,3,60,30,bet,30
20180325182028,8,4,Deal,random_a,4792,1,4,103,43,bet,43
20180325182028,8,5,Deal,cat9,957,2,D,146,43,call,43
20180325182028,8,6,Deal,cat4,8846,2,SB,179,43,call,33
20180325182028,8,7,Deal,basic_a,4164,0,BB,202,43,call,23
20180325182028,8,8,Deal,random_b,489,2,3,202,30,fold,0
20180325182028,8,9,Flop,cat4,8826,2,SB,222,20,bet,20
20180325182028,8,10,Flop,basic_a,4164,0,BB,222,0,fold,0
20180325182028,8,11,Flop,random_a,4769,1,4,245,23,bet,23
20180325182028,8,12,Flop,cat9,957,2,D,245,0,fold,0
20180325182028,8,13,Flop,cat4,8799,2,SB,272,47,bet,27
20180325182028,8,14,Flop,random_a,4700,1,4,341,92,bet,69
20180325182028,8,15,Flop,cat4,8799,2,SB,341,47,fold,0
20180325182028,9,1,Deal,basic_c,0,1,1,102,42,allin,42
20180325182028,9,2,Deal,random_b,333,2,2,258,156,bet,156
20180325182028,9,3,Deal,random_a,4885,1,3,414,156,call,156
20180325182028,9,4,Deal,cat9,957,2,4,414,0,fold,0
20180325182028,9,5,Deal,cat4,8643,2,D,570,156,call,156
20180325182028,9,6,Deal,basic_a,4144,0,SB,570,20,fold,0
20180325182028,9,7,Deal,basic_b,352,2,BB,686,156,call,116
20180325182028,9,8,Flop,basic_b,352,2,BB,686,0,check,0
20180325182028,9,9,Flop,random_b,293,2,2,726,40,bet,40
20180325182028,9,10,Flop,random_a,4795,1,3,816,90,bet,90
20180325182028,9,11,Flop,cat4,8363,2,D,1096,280,bet,280
20180325182028,9,12,Flop,basic_b,352,2,BB,1096,0,fold,0
20180325182028,9,13,Flop,random_b,293,2,2,1096,40,fold,0
20180325182028,9,14,Flop,random_a,4795,1,3,1096,90,fold,0
20180325182028,10,1,Deal,random_b,253,2,1,100,40,call,40
20180325182028,10,2,Deal,random_a,4711,1,2,184,84,bet,84
20180325182028,10,3,Deal,cat9,873,2,3,268,84,call,84
20180325182028,10,4,Deal,cat4,9459,2,4,268,0,fold,0
20180325182028,10,5,Deal,basic_a,3976,0,D,436,168,raise,168
20180325182028,10,6,Deal,basic_b,332,2,SB,436,20,fold,0
20180325182028,10,7,Deal,basic_c,960,2,BB,436,40,fold,0
20180325182028,10,8,Deal,random_b,0,2,1,689,293,allin,253
20180325182028,10,9,Deal,random_a,4711,1,2,689,84,fold,0
20180325182028,10,10,Deal,cat9,664,2,3,898,293,call,209
20180325182028,10,11,Deal,basic_a,3851,0,D,1023,293,call,125
20180325182028,10,12,Flop,cat9,614,2,3,1073,50,bet,50
20180325182028,10,13,Flop,basic_a,3801,0,D,1123,50,call,50
20180325182028,10,14,Turn,cat9,564,2,3,1173,50,bet,50
20180325182028,10,15,Turn,basic_a,3701,0,D,1273,100,raise,100
20180325182028,10,16,Turn,cat9,514,2,3,1323,100,call,50
20180325182028,10,17,River,cat9,464,2,3,1373,50,bet,50
20180325182028,10,18,River,basic_a,3651,0,D,1423,50,call,50
20180325182028,11,1,Deal,random_a,4581,1,1,190,130,bet,130
20180325182028,11,2,Deal,cat9,464,2,2,190,0,fold,0
20180325182028,11,3,Deal,cat4,9459,2,3,190,0,fold,0
20180325182028,11,4,Deal,basic_a,4051,0,4,190,0,fold,0
20180325182028,11,5,Deal,basic_b,332,2,D,190,0,fold,0
20180325182028,11,6,Deal,basic_c,940,2,SB,190,20,fold,0
20180325182028,11,7,Deal,random_b,859,2,BB,314,164,bet,124
20180325182028,11,8,Deal,random_a,4547,1,1,348,164,call,34
20180325182028,11,9,Flop,random_b,859,2,BB,348,0,check,0
20180325182028,11,10,Flop,random_a,4547,1,1,348,0,fold,0
20180325182028,12,1,Deal,cat9,424,2,1,100,40,call,40
20180325182028,12,2,Deal,cat4,9419,2,2,140,40,call,40
20180325182028,12,3,Deal,basic_a,3971,0,3,220,80,raise,80
20180325182028,12,4,Deal,basic_b,332,2,4,220,0,fold,0
20180325182028,12,5,Deal,basic_c,940,2,D,220,0,fold,0
20180325182028,12,6,Deal,random_b,1127,2,SB,280,80,call,60
20180325182028,12,7,Deal,random_a,4467,1,BB,320,80,call,40
20180325182028,12,8,Deal,cat9,384,2,1,360,80,call,40
20180325182028,12,9,Deal,cat4,9379,2,2,400,80,call,40
20180325182028,12,10,Flop,random_b,0,2,SB,1527,1127,allin,1127
20180325182028,12,11,Flop,random_a,4467,1,BB,1527,0,fold,0
20180325182028,12,12,Flop,cat9,0,2,1,1911,384,allin,384
20180325182028,12,13,Flop,cat4,9379,2,2,1911,0,fold,0
20180325182028,12,14,Flop,basic_a,3971,0,3,1911,0,fold,0
20180325182028,13,1,Deal,cat4,9379,2,1,60,0,fold,0
20180325182028,13,2,Deal,basic_a,3971,0,2,60,0,fold,0
20180325182028,13,3,Deal,basic_b,332,2,3,60,0,fold,0
20180325182028,13,4,Deal,basic_c,940,2,4,60,0,fold,0
20180325182028,13,5,Deal,random_b,696,2,D,107,47,bet,47
20180325182028,13,6,Deal,random_a,4420,1,SB,134,47,call,27
20180325182028,13,7,Deal,cat9,1121,2,BB,141,47,call,7
20180325182028,13,8,Flop,random_a,4420,1,SB,141,0,fold,0
20180325182028,13,9,Flop,cat9,1121,2,BB,141,0,fold,0
20180325182028,13,10,Flop,random_b,696,2,D,141,0,call,0
20180325182028,14,1,Deal,basic_a,3971,0,1,60,0,fold,0
20180325182028,14,2,Deal,basic_b,252,2,2,140,80,raise,80
20180325182028,14,3,Deal,basic_c,940,2,3,140,0,fold,0
20180325182028,14,4,Deal,random_b,0,2,4,977,837,allin,837
20180325182028,14,5,Deal,random_a,3583,1,D,1814,837,call,837
20180325182028,14,6,Deal,cat9,284,2,SB,2631,837,call,817
20180325182028,14,7,Deal,cat4,8542,2,BB,3428,837,call,797
20180325182028,14,8,Deal,basic_b,0,2,2,3680,332,allin,252
20180325182028,14,9,Flop,cat9,234,2,SB,3730,50,bet,50
20180325182028,14,10,Flop,cat4,8139,2,BB,4133,403,bet,403
20180325182028,14,11,Flop,random_a,3180,1,D,4536,403,call,403
20180325182028,14,12,Flop,cat9,0,2,SB,4770,284,allin,234
20180325182028,14,13,Turn,cat4,7702,2,BB,5207,437,bet,437
20180325182028,14,14,Turn,random_a,0,1,D,8387,3180,allin,3180
20180325182028,14,15,Turn,cat4,7702,2,BB,8387,437,fold,0
